logFC	AveExpr	t	P.Value	adj.P.Val	B
APCDD1L	-2.61115172185952	5.53457460220932	-8.40814686619512	1.46766679637323e-14	9.47876030006077e-12	22.5858456546152
COL11A1	-3.04839779946299	8.78207157690478	-8.2432953554711	3.96745685744787e-14	1.80528303961281e-11	21.6234553860063
COL5A2	-1.65407261165026	12.3410551168083	-7.99736019373531	1.7227086883228e-13	5.22581070438041e-11	20.202927675336
COL1A1	-1.87921470943554	16.0948295743206	-7.97973495107328	1.91247828240432e-13	5.63084230764953e-11	20.101854740304
COL12A1	-1.7522518316823	12.3792244304407	-7.89202142018025	3.21222324732323e-13	8.69080022089978e-11	19.6003616695898
COL5A1	-1.68115161917732	12.9407506455754	-7.88586580248042	3.33096011551795e-13	8.89188699637132e-11	19.5652627096921
LOXL2	-1.26626599353036	10.4480142688175	-7.82890296021632	4.65783258724506e-13	1.16568082786542e-10	19.2410647712874
P4HA3	-1.86211405710166	5.81004246949495	-7.62831641229654	1.50356018967461e-12	3.28806758562231e-10	18.1083000455606
KIF26B	-1.38558481667796	8.03590588816263	-7.57724921075718	2.02168193022546e-12	4.17279318814886e-10	17.8221769667979
SPOCK1	-2.11194340662661	7.74200558756956	-7.50148961722072	3.13133868029252e-12	5.97071730648919e-10	17.3994521151352
C14orf37	-1.46104249466085	5.42662087039363	-7.49248446752807	3.29803990278813e-12	6.22925065035105e-10	17.3493454818693
MAP1A	-1.45213719553445	7.83342727019866	-7.4431782308831	4.37887043887532e-12	7.82762188006454e-10	17.075530283534
INHBA	-2.31690368583025	8.94036445107496	-7.4385250641577	4.49738149723482e-12	7.96832521735738e-10	17.0497366149374
COL3A1	-1.81341494619581	15.3627491970044	-7.43082954646266	4.70037458319414e-12	8.18314778522868e-10	17.0070963323469
GLI2	-1.97807891138155	6.3792695710128	-7.41696171643997	5.08930786211464e-12	8.51811020527094e-10	16.930312190271
MMP2	-1.46488902580428	12.4080483699798	-7.41640715881002	5.10550534255288e-12	8.51811020527094e-10	16.9272431989381
ZNF469	-1.51521931563408	8.403674507172	-7.38708849970773	6.03846336405476e-12	9.90951434522461e-10	16.7651563960246
COL1A2	-1.73595232648834	15.2169537572616	-7.3365956633633	8.05606263308401e-12	1.27000338564547e-09	16.4867799241194
ADAMTS14	-1.33643110564416	7.25383657650496	-7.31389237340503	9.16806180601391e-12	1.4119520416785e-09	16.3619331420325
COL6A3	-1.52501124675012	13.4090559188862	-7.18124844062923	1.94366923878781e-11	2.64722461427012e-09	15.6365648251046
COL6A1	-1.36868385676163	13.4354200281143	-7.16554452784602	2.12353497474215e-11	2.8343529152875e-09	15.5511519359662
BGN	-1.36149227437788	13.0116570710236	-7.11252465305201	2.86097698597149e-11	3.60249183875064e-09	15.2635183408895
HEPH	-1.31596776435823	7.42575164969935	-7.06696641095654	3.69280488309246e-11	4.42716446493378e-09	15.0172841111827
COL5A3	-1.26579898467667	10.5349830315093	-7.06044546199237	3.82993656286788e-11	4.56423570983202e-09	14.9821097149262
COL10A1	-2.35283106661871	8.1081069551747	-6.97017819029257	6.33301464986417e-11	7.04407146138504e-09	14.4970295395071
DACT1	-1.72639000907077	6.60156103807171	-6.96856144557594	6.39012132774376e-11	7.06832149738993e-09	14.4883727613182
GALNTL2	-1.71573122495175	6.37054434225208	-6.91952696495879	8.38540258643314e-11	9.07481865853935e-09	14.2263498262734
POSTN	-1.986091977284	11.9141054028816	-6.91364488116939	8.66265729723276e-11	9.32446568537081e-09	14.1949872642889
SPARC	-1.31431024303361	14.4872935382156	-6.89666038446956	9.51497405261983e-11	1.00262787109211e-08	14.1045116819172
ITGA11	-1.72889982095578	8.07791146900196	-6.85292879292466	1.2108798677042e-10	1.24964050676834e-08	13.8721310186806
ADAMTS4	-1.2417622838712	8.82395917581207	-6.8374612198707	1.3183935310409e-10	1.33987598400863e-08	13.7901391746488
EML1	-1.28951494312827	8.12648889978167	-6.82223968205629	1.43336770085282e-10	1.42773406660569e-08	13.7095540009271
PLA2R1	-1.28108239816129	7.97575132683808	-6.75649087711091	2.05449583502039e-10	1.92210565948333e-08	13.3626464714356
INHBB	-1.49550690237341	6.99521126929292	-6.72582983473331	2.42847809284298e-10	2.21002544985497e-08	13.2015302262333
NKD1	-1.34573558810056	4.89606766474343	-6.71010036873463	2.64559613362358e-10	2.38803363874812e-08	13.1190399367727
VCAN	-1.62036298980158	10.9230356803579	-6.66335646567306	3.41002943551763e-10	2.91761535591874e-08	12.874562060207
SPON2	-1.24625401540628	10.3492067996636	-6.65996347419311	3.47330694109354e-10	2.94787973187277e-08	12.8568549458826
SULF1	-1.48626503372401	10.828542694488	-6.62925395616332	4.10121203452438e-10	3.3651789402956e-08	12.6968303077353
SPON1	-1.75597740072387	7.75517527052055	-6.62755813715512	4.13896830688143e-10	3.38229732539074e-08	12.6880061765363
FAP	-1.4566634665335	8.91256028306983	-6.62586037463637	4.17711058889689e-10	3.38801355361841e-08	12.6791732605239
MSX2	-1.74571669849185	5.88049160226742	-6.62574089048699	4.17980794038133e-10	3.38801355361841e-08	12.6785516727335
KIRREL	-1.74902177194301	8.15650480081541	-6.6217079618827	4.27186379918536e-10	3.44866875497944e-08	12.6575751867877
CTHRC1	-1.42802065875037	9.48924511294111	-6.61379772300276	4.45825762230015e-10	3.58468979341652e-08	12.6164534477287
NTM	-1.28489772998935	7.07873330318708	-6.57556028189382	5.47834117182672e-10	4.22845085562861e-08	12.418083395795
CTSK	-1.23903821532586	10.6360482669284	-6.54919359844489	6.31224061475902e-10	4.69939142602005e-08	12.2816941038112
MMP9	-1.29956074113233	11.8272669520108	-6.50551285573483	7.97662162566298e-10	5.7035693416928e-08	12.0564620075917
GREM1	-1.49625375675008	9.73082101980023	-6.50412689473755	8.03595557544895e-10	5.71264819550359e-08	12.0493303037364
SGCD	-1.80237751214199	6.31441850831012	-6.49604137177029	8.39085699664007e-10	5.9152587299201e-08	12.0077430077619
NID1	-1.26544173238384	10.5306343261728	-6.48079226553621	9.10264878413464e-10	6.3113434985747e-08	11.9293949364767
MMP13	-2.92395328289079	9.02323601435153	-6.48063428025788	9.11032551365111e-10	6.3113434985747e-08	11.9285838068251
AEBP1	-1.27282363896323	12.4787052944558	-6.47750889895403	9.26350795477528e-10	6.39533423319158e-08	11.9125398890498
ATP2C2	-1.61364338122041	7.47112898473616	-6.47111624638695	9.58475960322424e-10	6.57179698685454e-08	11.879738193011
PMEPA1	-1.20761650054264	11.2345518956606	-6.47023354051907	9.62997075750875e-10	6.58026090566835e-08	11.8752104255829
FLNC	-1.93029394294293	8.60354593848171	-6.46439791975628	9.93418598351929e-10	6.76504549578366e-08	11.8452864603679
KCNE4	-1.24657761295977	6.55307850366813	-6.45355568969947	1.0524697710212e-09	7.14288043580184e-08	11.7897328340771
OLFM2	-1.29191466809311	8.59317930640707	-6.43069637729935	1.18851019325805e-09	7.93172085973979e-08	11.6727908315554
COL6A2	-1.23513343237091	13.7184184436865	-6.41336353655294	1.3030509400054e-09	8.49784458301238e-08	11.5842886636244
ADAMTS2	-1.47103604787326	8.86395349239092	-6.41201343782722	1.31241524063137e-09	8.53112517294824e-08	11.5774011050143
FNDC1	-1.88815860026554	8.61689650744299	-6.40422302335953	1.36775614238027e-09	8.80509508893744e-08	11.53767538377
LUM	-1.33908842348359	12.2402991189041	-6.39344225341303	1.44814048472989e-09	9.1715014517095e-08	11.4827494951821
IGF2	-1.37372545736742	10.1719604885603	-6.39291897125773	1.45215821397129e-09	9.1715014517095e-08	11.4800849133956
CNN1	-1.49050960480118	6.65634719357883	-6.39197491487479	1.45943435723308e-09	9.18847020948535e-08	11.4752780627582
B4GALNT1	-1.49121171438076	6.75631723463654	-6.39096850771094	1.46723052478954e-09	9.20859634382802e-08	11.4701542181891
CDH13	-1.29414050964458	9.36279105678214	-6.38430525547103	1.51989035510984e-09	9.50928899989189e-08	11.4362425450916
MMP16	-1.65358736154056	4.51956562076343	-6.37941046311251	1.559753304025e-09	9.63821632712484e-08	11.411344979051
SEMA3C	-1.37535135828404	10.3762694407552	-6.37197384748491	1.62229109159404e-09	9.90240547097692e-08	11.3735406947561
ODZ2	-2.36091926257312	10.7435805196038	-6.36261746895942	1.70448302622501e-09	1.03045519440801e-07	11.3260156246654
HSPA12A	-1.37653320682669	7.14021760795638	-6.36214265750307	1.70876142322292e-09	1.03045519440801e-07	11.3236049951831
GLI1	-1.63514148795245	4.87383886001367	-6.33657421924813	1.95542327175914e-09	1.16864266638477e-07	11.1939567494539
MME	-1.67738164119742	7.76004171860964	-6.33072420382682	2.01660034736183e-09	1.20161772483724e-07	11.1643386434636
SYT7	-1.66397161171976	8.33230680150728	-6.26367357180826	2.86715212288263e-09	1.64951875437451e-07	10.8260779089146
CDH11	-1.44848515568946	9.44084106343206	-6.25866727516344	2.94322573555603e-09	1.68843330806783e-07	10.8009117225154
CTGF	-1.2419886461367	11.183662781599	-6.23875764027337	3.26587500966902e-09	1.84186150897418e-07	10.70095223879
SCARF2	-1.20483207995139	7.32407333066036	-6.21746321980973	3.64942047710284e-09	2.00178211978291e-07	10.5942609795134
LRRC15	-1.77938905666255	9.27147817604288	-6.21327323135576	3.72993530648421e-09	2.02376787997616e-07	10.5732948692138
SLC7A8	-1.29481404714478	11.4390992134654	-6.18870132892503	4.2384278263879e-09	2.26286836032299e-07	10.4505195867325
PXDN	-1.29878224925434	10.7735347453905	-6.18614124774381	4.29516709312339e-09	2.28099576582025e-07	10.4377455933904
CREB3L1	-1.45291678761503	7.9901125199211	-6.17537004237362	4.54216844621259e-09	2.36995185267276e-07	10.3840372538363
SFRP2	-1.81472659085854	10.8672152225711	-6.17085711253129	4.64975378333836e-09	2.40829342581094e-07	10.361552067027
SLC24A3	-1.58830391859318	7.91555268058367	-6.13524421905569	5.59117914631398e-09	2.76397525156425e-07	10.184480287078
THBS2	-1.4955506547081	11.4985626894472	-6.1011597854335	6.66623896988122e-09	3.22378672502396e-07	10.0156192486211
MLLT11	-1.34590150351687	7.24791287838546	-6.09766015888883	6.78747935733205e-09	3.27450901718422e-07	9.99831541340053
FIBIN	-1.63660952364534	6.14362761465549	-6.09003365342836	7.05923195861212e-09	3.36964119335334e-07	9.96062831563967
COL8A1	-1.76712115341039	7.34429316217728	-6.08778778888036	7.14127249047603e-09	3.3800334877499e-07	9.94953592018243
ADAMTS12	-1.84804958045692	6.66320765416901	-6.08637538572283	7.19334523559282e-09	3.39665011702367e-07	9.94256135924661
SLC29A4	-1.51511795234436	5.79230854357739	-6.07553880753193	7.60545330582793e-09	3.55768179056031e-07	9.88908398570522
DCN	-1.22117066724295	12.0200189436135	-6.05326777443037	8.52642177519999e-09	3.92431012324779e-07	9.77937103112463
FBN1	-1.37964551082254	10.9301353637762	-6.04739197591403	8.78709897974871e-09	4.03501166682452e-07	9.75046854546478
BAALC	-1.72765537575294	4.70454719435481	-6.02972686293732	9.61876567050528e-09	4.32757994357722e-07	9.66368463464105
C4orf31	-1.6937474386502	3.34410249927858	-5.9586678068115	1.38164128650437e-08	5.9487828380869e-07	9.31625536401423
CSMD2	-1.73151101551943	4.67250311439156	-5.93241922082784	1.57835119872417e-08	6.6807969026758e-07	9.18859784342935
CLSTN2	-1.76921057159587	4.99068955490307	-5.92982315833831	1.59923601259907e-08	6.75491649962993e-07	9.17599220546582
ADAM12	-1.29179504728481	9.74835717725449	-5.92903318192048	1.60564476686842e-08	6.76770818473106e-07	9.17215705431678
SERPINE1	-1.52864858070108	12.321740437089	-5.92071510157128	1.67467163052948e-08	6.98512514892305e-07	9.13179507559514
CNIH3	-1.20290914514167	4.45385366852553	-5.86558427305775	2.21150520708882e-08	8.82002903408869e-07	8.86522690183541
MATN3	-1.43697219657419	5.23338927485686	-5.855516720035	2.32629357064964e-08	9.14915282302076e-07	8.8167264076751
SESN3	-1.22995450910714	8.09214715811281	-5.84984021276067	2.39356657787564e-08	9.37800322028342e-07	8.78940416271717
ALDH1L2	-1.30121816168514	7.75370041977442	-5.80807661999416	2.95057348599717e-08	1.1230690449268e-06	8.5889292140022
HMCN1	-1.45424453207996	8.03340663689729	-5.72360290509536	4.49203005190403e-08	1.58895642525036e-06	8.18637981073755
MMP1	-2.24414593430844	12.2863843511045	-5.71910418458864	4.5932138241801e-08	1.61902700658292e-06	8.1650531667655
ZNF365	-1.30375539043909	6.25722056310037	-5.70815600676374	4.84885839001384e-08	1.70613345916462e-06	8.11319962213379
B4GALNT3	-1.36635163646345	8.95896344627648	-5.67237529987395	5.78519357867981e-08	1.97317479793439e-06	7.94420278937884
TRIM9	-1.31278232397405	4.78788227081326	-5.66925276241829	5.87482648679537e-08	1.99694229358455e-06	7.92948892988666
EEF1A2	-2.37814281467032	6.3134142341127	-5.66363200348595	6.03960377600611e-08	2.04254910809828e-06	7.9030169899157
COL4A6	-2.16177032467988	8.2316768680073	-5.64512288499844	6.61477430800125e-08	2.22205363121633e-06	7.81597171907582
FN1	-1.4999079749311	14.5071195999473	-5.64411750531912	6.64750388791104e-08	2.22519791306579e-06	7.81124915961386
ITGB3	-1.27041376429174	6.03093904366552	-5.62852152163105	7.17595441129125e-08	2.34371587713641e-06	7.73806401003753
GPC6	-1.55492362099095	6.79807191628653	-5.62155067156005	7.42522089935752e-08	2.40550724313976e-06	7.70539769875525
ATP6V0D2	-1.34300986542469	4.00176050830505	-5.59586798030283	8.41870380893524e-08	2.67966405339734e-06	7.58528509922006
C20orf103	-1.34869143727359	6.52488430665525	-5.53588920077648	1.12715448123402e-07	3.44005485804669e-06	7.30625500688022
GJA1	-1.26264554591526	12.8620194491202	-5.53420741255201	1.13638238539293e-07	3.45767655591972e-06	7.29846108339725
MAGED4B	-1.35859179519825	7.74878346355384	-5.52975886458006	1.16114830484366e-07	3.52767074526173e-06	7.27785306839469
DDN	-1.59580862127112	5.222793005308	-5.51169340952345	1.2672477885072e-07	3.80383327941569e-06	7.1942827284376
ANO1	-1.52994767640123	11.2707836341904	-5.50069091500631	1.33644051360777e-07	3.98167790519959e-06	7.14347872952147
HTRA3	-1.2014496447919	9.86934345051361	-5.4911682771989	1.39929167273182e-07	4.13814159228417e-06	7.09956510275386
TNC	-1.36264859711502	13.5464843576791	-5.48904194801258	1.41371476552422e-07	4.17462880834225e-06	7.08976679082859
GPR176	-1.33486211830476	6.98700351424474	-5.48107761734559	1.46903777379961e-07	4.32508320055781e-06	7.05309001050117
IL11	-1.57487863031431	6.50308325496005	-5.48090756360034	1.47024175831361e-07	4.32508320055781e-06	7.05230729656723
AHNAK2	-1.20758077230094	13.1655907265123	-5.47345781036248	1.52394145287794e-07	4.44764312362525e-06	7.01803465192617
NDRG4	-1.5132719311394	8.35576848610392	-5.46665608567156	1.57463753640961e-07	4.54918010338481e-06	6.98677175227819
MURC	-1.52864711288837	4.48147304248134	-5.42590594767281	1.91464385130506e-07	5.33276284949498e-06	6.80004249354231
MMP3	-2.45508868227941	9.49701457286352	-5.40285133730578	2.1376733593869e-07	5.79923554583809e-06	6.69483509304176
PTHLH	-1.72473509500892	10.684422282823	-5.34558211601013	2.80694866237909e-07	7.23267942979303e-06	6.43486553942023
LAMC2	-1.32628876204029	14.0982871609417	-5.31633060939949	3.22355684199599e-07	8.07745075514416e-06	6.30284082240108
JPH2	-1.54205756881352	5.65076313776303	-5.30687731112424	3.37063558908965e-07	8.37264207557865e-06	6.26028457745238
MFAP5	-1.81458618536016	7.54098072604967	-5.26166724135177	4.16930286954527e-07	9.86685729919218e-06	6.05751158079305
TCHH	-1.91394929273129	5.54453689535126	-5.21151086314358	5.27113882339102e-07	1.20233770682406e-05	5.83401612433217
SSC5D	-1.23562253931639	6.99329480645634	-5.18452574389723	5.97623429694854e-07	1.3392904812877e-05	5.71441230656605
PTH1R	-1.28903703334122	3.66064259108534	-5.18319592528789	6.01325481906347e-07	1.34330181016523e-05	5.70852991789136
SORCS2	-1.40951158849937	7.83331176623464	-5.17654108463653	6.20189264223336e-07	1.38118011779927e-05	5.67910902741657
DTNA	-1.31824252309013	4.76863012220597	-5.12855416893117	7.74305700392406e-07	1.66550050455446e-05	5.4677758239137
FAM19A5	-1.39742914624498	5.31059445370855	-5.10190854056449	8.75332266351256e-07	1.84086421267001e-05	5.35105082679742
SPEG	-1.30701738225863	7.28276004995692	-5.09833061686244	8.8983688984367e-07	1.86548946299059e-05	5.33541118165571
GLIS1	-1.22642587867391	4.73557692753256	-5.06459531294029	1.03858324916968e-06	2.12829838604157e-05	5.18834590046905
FLRT2	-1.29908640090022	9.18465057760334	-5.0608435385357	1.05654609495093e-06	2.15848054765433e-05	5.17203490437575
KRT9	-1.48774968939598	4.96957630050831	-5.04234819881305	1.14959890507613e-06	2.31614086856368e-05	5.09175609395629
SCN4B	-1.21938169562064	6.12655039839322	-5.01438717869519	1.3055460157182e-06	2.57774524464438e-05	4.97080463461017
PI15	-1.27931351001178	6.50526156140763	-5.01338321405228	1.31151103363602e-06	2.58697166546076e-05	4.96647103956321
LIMCH1	-1.2434339066317	7.96055176160659	-4.93876172456802	1.83722980863063e-06	3.4538195303844e-05	4.64617881815114
ASPN	-1.35678426219365	8.88294033254648	-4.92755751965467	1.93203054440768e-06	3.60831935910319e-05	4.59839782047771
NEGR1	-1.27066282899099	4.93779434543595	-4.91338588518639	2.05874617925387e-06	3.78495475251072e-05	4.53807862521421
SCG2	-1.36921332735948	4.67585714218514	-4.89148590980132	2.27054150447996e-06	4.09905423455304e-05	4.44512181807631
PPP2R2C	-1.68788810989632	10.0336552787722	-4.86973773665333	2.5016803916356e-06	4.45261599494092e-05	4.35311892049398
MMP11	-1.40128660475904	10.795134973301	-4.85753611314156	2.64116985920529e-06	4.65073542226466e-05	4.30163700875173
CA12	-1.20677684488177	11.8648514125686	-4.85171489240689	2.71034291928901e-06	4.75164409694267e-05	4.27711012023771
RNF128	-1.73988773006264	6.679946969396	-4.8403187306787	2.85087453071717e-06	4.9417626822068e-05	4.22915844509444
LOC84740	-2.45564997112201	5.63051998710067	-4.83021846547758	2.98129992410771e-06	5.14113744879935e-05	4.18673093080592
NAV3	-1.38724928727803	6.02560510932497	-4.82836120378993	3.00590327046368e-06	5.17910407727654e-05	4.17893656870528
NEB	-2.20806555091341	6.71233676194759	-4.75827382675726	4.09235929957773e-06	6.7163422440376e-05	3.88646937681951
ITGBL1	-1.46746451933462	6.62489929844586	-4.71856773627873	4.86722219711294e-06	7.75849168856674e-05	3.72223122340376
SPP1	-1.54948474906968	10.8988410383788	-4.68498047237115	5.63169188576364e-06	8.74297114144382e-05	3.58412853691298
ARTN	-1.22714668554634	7.05157067598049	-4.68246211458061	5.69346483454334e-06	8.80903086958209e-05	3.57380429061181
SFRP4	-2.04489022933315	8.06873053073628	-4.66213238962778	6.21666212102668e-06	9.52286092770276e-05	3.4906176080154
PCDHB2	-1.25471221137773	5.81315861685284	-4.63601473091295	6.95723525791815e-06	0.000104854748152751	3.3841584050086
TMEM63C	-1.43628385367749	6.92994677512447	-4.62495091793608	7.29599367190444e-06	0.000108282497631726	3.33920056190528
TSPAN7	-1.39395479282465	7.81135490810582	-4.6068796071475	7.88379149047312e-06	0.000115465537257324	3.26594717696853
KRT75	-2.34099974376555	8.11774253070977	-4.60597911333586	7.91424543068305e-06	0.000115826833163527	3.26230279122686
ACAN	-1.22990525191225	5.72004938445966	-4.60498026180015	7.94815843769553e-06	0.000116238188517971	3.25826099057051
KCNJ12	-1.35081685798952	5.82476961297757	-4.59887724753069	8.15843168325511e-06	0.000118876299130826	3.23358027961356
CES1	-2.14582958469949	6.18471724949333	-4.59252080452043	8.38313506850087e-06	0.000121544794291544	3.20790179328277
AGT	-1.24703987874046	4.54902131065185	-4.50584609843004	1.21101796100103e-05	0.000164489759818193	2.8605301733566
PDGFRL	-1.23072309768281	6.60857233531504	-4.49577890435346	1.26346905967344e-05	0.000170342855513279	2.82052001041566
CAMK2A	-1.29377203348446	4.16890695892916	-4.47433778698732	1.38256349569146e-05	0.000183922284034809	2.73554137077993
CXCL14	-1.65643706558343	12.2820647229761	-4.45531857165509	1.49718367840918e-05	0.000196300683860054	2.66042999440279
ARC	-1.24712886765418	4.42656939518178	-4.38128483654046	2.03664365318349e-05	0.000253579866793449	2.37047040741344
LAMA1	-1.33050496612592	6.71989373342912	-4.35904873409867	2.23223674769709e-05	0.000273510476901122	2.28413627059766
CDA	-1.46310610542362	8.16500139591861	-4.34993330988114	2.31752294941637e-05	0.000280696472899366	2.24884602187894
CILP2	-1.37899793014909	5.24319942117942	-4.31417422623861	2.68328677226959e-05	0.000316757573511849	2.11097645268153
SLC7A11	-1.25823983579548	8.62268947642392	-4.29897324020175	2.85500382070185e-05	0.000332519089553646	2.05264547378821
FABP4	-2.18394178244042	6.51731875090465	-4.25460339869165	3.41859097738902e-05	0.000386687061911331	1.8833326533181
CSPG4	-1.24740165212982	10.8122879088394	-4.23797292954565	3.65612869778567e-05	0.000407331945864767	1.82023703610107
MYOM3	-1.42800453876231	6.9821454104982	-4.23005195134792	3.77474754336116e-05	0.000416157602233666	1.79025529486269
DSG1	-2.60211784068313	9.35460190957743	-4.22979189228692	3.7787038051303e-05	0.00041636449577608	1.78927171345177
CRYAB	-1.2257314284181	9.26093227913631	-4.21500254608058	4.0103431465966e-05	0.000437315251296354	1.73341685097472
WNT11	-1.26945751152465	4.8778884683139	-4.20261889808382	4.21470009053588e-05	0.000452938864802034	1.68676961170692
KLK11	-1.7828584317458	9.04779945139743	-4.1430779254607	5.3444562036066e-05	0.000547719688779589	1.46404777513496
SLIT2	-1.23406475187034	5.5341463024039	-4.14274222658142	5.35157951114413e-05	0.000548051014795993	1.46279938931034
D4S234E	-1.23778502030962	8.49503527848218	-4.07696734816791	6.9368363517217e-05	0.00067125374866032	1.21979661225395
PLEKHG4B	-1.31308798927861	6.20757332391607	-4.07448416856865	7.00470068307256e-05	0.000676512843105624	1.21068511660608
DUSP9	-1.23706535953544	6.11348983179241	-4.06024603722179	7.40621967782053e-05	0.000706431272842519	1.15852949755237
MMP10	-1.83510177721194	9.39716437345218	-4.05665011670072	7.51104554386762e-05	0.000714387851941918	1.14538106928376
ZNF883	-1.31521257324988	3.10158630876942	-4.05350240734874	7.60396564617218e-05	0.000721170043590778	1.1338793932287
ABCA12	-1.24814861421626	9.08929060107217	-4.03568388388966	8.15098509787315e-05	0.000764002212755235	1.06890956890434
MEG3	-1.23270668919518	4.78580547314817	-4.03418067693901	8.19881038096152e-05	0.000767396865014314	1.06343938095327
RDH12	-1.81614471620465	5.6662062530329	-4.02618555326184	8.45770745887266e-05	0.000786067727365575	1.03437330158163
ALOXE3	-1.26181285386027	6.81198356647043	-4.02550226247426	8.4801915096052e-05	0.000787485687448078	1.03189142298599
TLL1	-1.22954529178918	6.15616358992468	-4.01314145635125	8.89690142989116e-05	0.000815963644195378	0.987054074892847
SLC5A1	-1.64112071664144	6.50787954625905	-3.9719672029172	0.000104302548288854	0.000930588823213519	0.838523231565249
AKR1C2	-1.60255046456754	9.89525007846901	-3.89817103975461	0.000138276863523612	0.00117207497231424	0.575502635947701
GOLGA7B	-1.28252718238237	8.45269779676162	-3.88646833562476	0.000144548247777657	0.00121750124895098	0.534170765975284
DMKN	-1.49440272896385	11.3310557726426	-3.88635476670862	0.000144610411788826	0.00121751263852989	0.533770170125892
KRT14	-1.58445617984253	17.4416356767307	-3.78856301046087	0.000208683802193676	0.00164814927168425	0.192477614881453
B4GALNT4	-1.51369817705403	5.19345103794958	-3.75670949315981	0.000234813511149898	0.00181583673492936	0.0828932875080692
H19	-1.22573702712052	12.0952327113593	-3.72024548132869	0.000268520999702051	0.00202488095481535	-0.0415897226852842
SBSN	-1.81909895289275	11.9472245890026	-3.70481847352361	0.000284117044882698	0.00212012946537327	-0.0939449044660412
CALB2	-1.25404736309201	5.9291993583152	-3.69917723598426	0.000290030919592389	0.0021546230208383	-0.113043565736502
CDHR1	-1.33012598030475	7.66908386357089	-3.68270938226716	0.000307967055535525	0.00225853788237244	-0.168654443841642
PTPRD	-1.21451466747664	6.57434694085478	-3.64293221805081	0.000355707451216552	0.00251914357297721	-0.302105878726749
GJB6	-1.43553019467284	11.64908908803	-3.62265535266128	0.000382651209388615	0.00267215202761404	-0.369657317144719
AKR1C3	-1.27222338318379	9.31591579079782	-3.60693239852432	0.000404856008060645	0.00279793653344224	-0.421815200412148
CDSN	-1.90783737685864	8.53620683633	-3.52587511098242	0.000539918305606945	0.00352797140879786	-0.687609679782247
PI3	-1.65436654850546	12.6733750724805	-3.43155754433656	0.000750107433416632	0.0045957661910002	-0.990303270475915
TNNI1	-1.21193496002279	7.14689601684337	-3.41411291121957	0.000796555237917459	0.00481516679297869	-1.04550643533887
AJAP1	-1.43602391757486	5.31875916975951	-3.2879974867745	0.00122143666168052	0.00674231690198668	-1.43726611652913
S100A7A	-1.63825131502804	8.40422350214736	-3.08764284227007	0.00234932103011792	0.0114358756002895	-2.03280728599096
FLG	-1.32790333314916	6.65298194607948	-2.9992714085001	0.00310420518950758	0.0142250611350724	-2.28485712095859
CPA4	-1.2384095139097	8.34160919568016	-2.99063467778801	0.00318885599448745	0.0145298329234486	-2.30913776115882
HEPHL1	-1.3607375504618	9.14252628777201	-2.94227200146345	0.00370335620223566	0.0162991634480018	-2.4439344166798
KRT1	-1.91243490102313	9.67923475530122	-2.89755356132947	0.00424572750972394	0.0181748365345698	-2.56680638528982
IL24	-1.27215542119613	6.52952004727458	-2.80070406217636	0.00567752700657259	0.0228849946041051	-2.82705854914943