logFC	AveExpr	t	P.Value	adj.P.Val	B
KLHL4	-0.680131426291001	1.26836060169291	-6.24210881757394	5.07249088048977e-07	0.0121754998604396	6.06874798137319
LOC101927282	-0.116375641421015	1.03071442109056	-5.70583560974745	2.42439676384376e-06	0.0290963977612708	4.5258033446703
FAM133A	-0.812994341637977	1.16599438371513	-5.00494726211	1.89038471665675e-05	0.151249681179707	2.50782759537846
PRG1	-0.101916329213503	1.03517354922402	-4.73145305775884	4.19976770670694e-05	0.252017560660217	1.72698939463499
HTR2C	-0.292749432856738	1.11482021554744	-4.42580631007404	0.00010184145718709	0.372809759406125	0.863641033543635
CXorf30	-0.017261165181633	1.00517582588904	-4.38445707813544	0.000114726718871332	0.372809759406125	0.747818637454783
HIST2H2BC	-0.0872317639789908	1.05659650204446	-4.37125557897195	0.000119169658435892	0.372809759406125	0.710896078406032
C8orf37-AS1	-0.168698514678704	1.10183611592118	-4.23655976988969	0.000175386463652938	0.372809759406125	0.335823474761205
DCP1B	-0.642820060772537	1.93622446391483	-4.20170980458996	0.000193753633010048	0.372809759406125	0.239301145561888
ZBED5	-0.42945491227514	4.05668192929882	-4.20022785510132	0.000194575217883837	0.372809759406125	0.235201670414601
LINC00871	-0.0656000390922253	1.01576466701159	-4.16753573756092	0.000213595479187505	0.372809759406125	0.144872662916806
LINC01057	-0.179858437256569	1.17964724250243	-4.15188072857334	0.00022333875459531	0.372809759406125	0.101690670752485
SEMA6D	-0.660949531934004	1.63999614066366	-4.14489737947025	0.000227824487415778	0.372809759406125	0.0824436878463386
PPP5D1	-0.0962512531376039	1.07076866627479	-4.13612165105249	0.000233587083267113	0.372809759406125	0.0582704068169635
KCND3-IT1	-0.0719340742296066	1.02565888812385	-4.11434905301337	0.000248508776007082	0.372809759406125	-0.00163678873932671
CEBPZOS	-0.265297699874694	1.79770549024308	-4.06916864244751	0.00028251691608746	0.39889726687337	-0.125639832200764
RPAP2	-0.444785491189487	3.18921597754844	-4.03352432285862	0.000312527943553765	0.416756012728945	-0.223164949491983
PLK5	-0.0140377729905068	1.00595403133464	-3.92286336035533	0.000426974896307496	0.525685570412825	-0.524128725573491
POMGNT1	-0.547941180257249	4.16990089727266	-3.90142495130915	0.000453465193118105	0.525685570412825	-0.582102467065528
ZNF311	-0.306828773558552	1.32315575450418	-3.89638851903872	0.000459917384438168	0.525685570412825	-0.595705752797592
WDR72	-1.71674744542887	1.93424082317969	-3.79994235482656	0.000602232072653213	0.649669640336004	-0.85497304270588
TMEM167B	-0.371493753100973	4.19933813815293	-3.78804136843647	0.000622522256706582	0.649669640336004	-0.88679820890515
IFITM10	-0.385757487042463	1.49433862439593	-3.73942122814633	0.00071254582362139	0.679807940796677	-1.01641918858388
NBEAP1	-0.427278660283753	1.23135199484747	-3.67779928487386	0.000844957472300949	0.679807940796677	-1.17975729985919
ZP1	-0.0477185766474375	1.02210752083802	-3.63431432139877	0.000952455450450989	0.679807940796677	-1.2943598491967
CST2	-0.195543225942292	1.06289808958242	-3.62184551568449	0.000985649233932697	0.679807940796677	-1.32711701522746
GABRA3	-0.40313966720419	1.27040326007526	-3.62065479357842	0.000988877084352954	0.679807940796677	-1.33024274370552
GDF6	-0.168657177117358	1.1007271260943	-3.60996213400602	0.00101832546408121	0.679807940796677	-1.35829244850574
CDH20	-0.111495231583853	1.0623086692072	-3.6047650378588	0.00103294351770066	0.679807940796677	-1.37191324568045
LINC00645	-0.256693098147811	1.10337929420299	-3.60452692409503	0.00103361811187218	0.679807940796677	-1.37253710774124
CPNE9	-0.0356209482554661	1.02547759867893	-3.60200925539492	0.00104077699597582	0.679807940796677	-1.37913237944711
CDH12	-0.104492807288325	1.05899248672803	-3.59758920690597	0.00105346145055551	0.679807940796677	-1.39070641094488
EFTUD1P1	-0.026195628645296	1.01140278512839	-3.59129371219766	0.00107178655269274	0.679807940796677	-1.40718097419523
IFT140	-0.376597538852368	1.92909517135345	-3.58365382879884	0.00109443939630382	0.679807940796677	-1.42715718878165
WASH2P	-0.166771231050074	1.43440150627895	-3.5784616558105	0.00111009817297717	0.679807940796677	-1.44072296364526
ERMAP	-0.388895746859544	2.21701212000305	-3.56852498468847	0.00114067185046307	0.679807940796677	-1.46666139448458
CNTN5	-0.146985168638575	1.05517294935891	-3.55980460986364	0.00116817256789247	0.679807940796677	-1.48939930239571
DMRTA1	-0.708804491482385	1.40665153961251	-3.52743035507159	0.00127598290993202	0.69112103608669	-1.57360214448975
PATE1	-0.0147069896456238	1.00288894137457	-3.51701436539215	0.0013126681477142	0.69112103608669	-1.600621672479
ZNF436	-0.470593135596915	3.63353240009824	-3.50751446775975	0.00134701297277703	0.69112103608669	-1.6252340479553
CST1	-2.39499934250756	2.14780878279763	-3.48611083951917	0.00142759944683269	0.701565941560742	-1.68057807269412
LOC101928283	-0.0170831407575827	1.00470314895169	-3.48492829760456	0.0014321847742564	0.701565941560742	-1.683631391382
LOC148413	-0.354383335144681	2.82195087161513	-3.47195254299037	0.00148344030965855	0.711069338350146	-1.71710411755788
DDHD2	-0.746058857363626	3.23978021527023	-3.45131525941197	0.00156861996179042	0.711069338350146	-1.7702242712233
NIPAL3	-0.594105215398923	3.25715084171219	-3.45071393147629	0.00157117123527148	0.711069338350146	-1.77176992126104
SLC22A1	-0.534943793287968	1.33741319106638	-3.44857145020755	0.00158029373234564	0.711069338350146	-1.77727594315876
MAN2B2	-0.431926361830694	3.56009148338132	-3.44108103346654	0.00161258983413173	0.711069338350146	-1.79651346747098
XCL1	-0.476977578337326	1.5862790469093	-3.43725508927862	0.00162933023410649	0.711069338350146	-1.80633217673614
TMEM86B	-0.150128952407877	1.25158590296665	-3.41769972520587	0.00171754034141755	0.72385256366514	-1.85643933215012
NSUN4	-0.358335692744307	3.00003599668032	-3.41739837482701	0.00171893497183323	0.72385256366514	-1.85721045325367
TMED4	-0.503812044552189	5.36166997888917	-3.39098338694675	0.00184550605229819	0.763753134022644	-1.9246799771072
RAB40A	-0.0575123825499482	1.0604880745704	-3.36283235860827	0.00199024054319116	0.787517675742118	-1.99631189340332
DKFZp434J0226	-0.250533450626446	1.14034497951699	-3.34619959031158	0.00208081297048202	0.787517675742118	-2.03850108566016
DMWD	-0.377819489599872	3.0526601574773	-3.30471283435734	0.00232428076537043	0.787517675742118	-2.14329138585259
GPBP1L1	-0.511413303928951	5.32797054300767	-3.30396767352199	0.00232889397132142	0.787517675742118	-2.14516773650278
CCDC33	-0.00574139544592911	1.00178499589993	-3.30121576454017	0.00234600684947762	0.787517675742118	-2.15209537489546
ZNF679	-0.0593149332551175	1.01186287681186	-3.29916930342802	0.00235881088474215	0.787517675742118	-2.15724528430844
MAGEC2	-0.236838693057832	1.04207697406797	-3.29852125618394	0.0023628794375788	0.787517675742118	-2.15887576466077
CXorf22	-0.00947264670910375	1.00426229788274	-3.2930155426278	0.00239771739910553	0.787517675742118	-2.17272172165878
LINC00648	-0.106522878937354	1.02885836223548	-3.29282817406286	0.00239891160419581	0.787517675742118	-2.17319272194622
ZNF629	-0.44902875302529	2.35624313830199	-3.28706622906411	0.0024359149940967	0.787517675742118	-2.18767042810351
CAMK2N1	-1.01122418587493	2.69465424987216	-3.27879500056018	0.00248998951790594	0.787517675742118	-2.20843112167246
NPPB	-0.00946000593874952	1.00166941281272	-3.2780056492022	0.00249520966460598	0.787517675742118	-2.21041102870151
LOC647859	-0.00862820168681644	1.00152262382709	-3.27523111600365	0.00251364146069836	0.787517675742118	-2.21736842977934
BBS4	-0.356528826299679	2.46654356139595	-3.2719037759308	0.00253591748741468	0.787517675742118	-2.22570818055162
ST8SIA1	-0.26624943852673	1.36148900348993	-3.26893990005339	0.00255591911907425	0.787517675742118	-2.23313337669869
STX1A	-0.40410944825405	1.80508240469716	-3.26530811967146	0.00258063388338007	0.787517675742118	-2.24222725036485
TMEM144	-0.489311497478621	2.30026132597126	-3.25505417509117	0.00265165313649318	0.787517675742118	-2.26787552594207
HNF4G	-0.146254715146567	1.05600279814277	-3.25174376561712	0.00267497751561807	0.787517675742118	-2.27614723805682
TTC25	-0.0268684214732198	1.05349318699329	-3.24499200304154	0.00272315823382893	0.787517675742118	-2.293004720978
ABCB9	-0.231763766522227	1.77043161334231	-3.2302241978953	0.00283144862965066	0.809086445922675	-2.32981455094392
TAC3	-0.0137673113281009	1.00299515844201	-3.22071081024356	0.0029033744396735	0.817774855867479	-2.35348220851428
FAF1	-0.387116736925711	4.43516810540152	-3.21724693713091	0.00292999365098543	0.817774855867479	-2.36209088728495
TTC31	-0.280557699025551	2.83709529009011	-3.20556235411185	0.00302151639733713	0.831665785477428	-2.39109532610133
LOC100130539	-0.0124324285468946	1.00391874997562	-3.20139661886314	0.0030548004640068	0.831665785477428	-2.40142276363986
FNBP1L	-0.919021051437247	3.18382980203926	-3.19571676395281	0.00310074626185446	0.831665785477428	-2.41549277579006
LOC101927580	-0.0347107849276065	1.01395285947372	-3.17659110553416	0.00326035296023966	0.831665785477428	-2.46277539009323
LOC642236	-0.0569547304248847	1.03300236648329	-3.17219624244244	0.00329811974679742	0.831665785477428	-2.47361957737602
NMBR	-0.0202587563385801	1.00931978705826	-3.15538026861838	0.00344651021017563	0.831665785477428	-2.51504001337111
PLOD1	-0.623023369268595	5.09679455045013	-3.14954724210348	0.00349945218825387	0.831665785477428	-2.52938071148771
IRF2BP2	-0.405457328751567	5.32506115764179	-3.14937821736635	0.00350099778029962	0.831665785477428	-2.52979605655543
RBM11	-0.112308158495819	1.07366870052494	-3.14902485256383	0.00350423110997973	0.831665785477428	-2.53066434318456
SMG9	-0.301350704881757	2.91887269428886	-3.1448274702859	0.00354285569974097	0.831665785477428	-2.54097420774327
ZNF766	-0.329158796455548	2.87806062988034	-3.13454050708134	0.00363923752042587	0.831665785477428	-2.56621094792231
PUS10	-0.294137689085979	2.11776208707372	-3.13169379318487	0.00366634680845934	0.831665785477428	-2.57318698225234
BTBD8	-0.233377623139966	1.34091572654858	-3.12864184761033	0.00369562382718218	0.831665785477428	-2.58066221221797
KCNMB2	-0.082212381540828	1.07626219865532	-3.11656754987411	0.00381364561055108	0.831665785477428	-2.61019814559739
MEIS2	-0.326339838564807	2.10435108220787	-3.11603969264729	0.00381888610357383	0.831665785477428	-2.61148799092884
MAP1LC3B2	-0.134634779093556	1.13051393144349	-3.11088418300131	0.00387043043445865	0.831665785477428	-2.62407959240546
PYDC2	-0.0705487830128126	1.01950310791284	-3.10558685395576	0.00392408092843491	0.831665785477428	-2.63700593544409
TTC3P1	-0.0969716555401303	1.14833651425592	-3.10098516334285	0.00397125887260168	0.831665785477428	-2.64822521053771
NBPF3	-0.320518389759349	1.77029324622718	-3.10094041217113	0.00397172030978751	0.831665785477428	-2.64833427343808
PSG5	-0.792777524519642	1.25396693717616	-3.09765563206641	0.00400572966047801	0.831665785477428	-2.65633728561601
IGF2BP1	-0.444821286920646	1.24868545338236	-3.0964312557636	0.00401847699987389	0.831665785477428	-2.65931917810305
KCTD7	-0.274143104551113	1.70610166357451	-3.09042809251327	0.004081537132952	0.831665785477428	-2.67393031008322
B4GALT2	-0.410761724067481	5.06780220851404	-3.08818963821962	0.00410529053833101	0.831665785477428	-2.67937457755295
OR56A4	-0.00682094740995409	1.00120369660176	-3.08350030463456	0.00415547759355313	0.831665785477428	-2.69077284519301
NOMO1	-0.512325052624751	3.65822935093783	-3.07169107910759	0.00428445664883494	0.831665785477428	-2.71943565134047
EN2	-0.164457206047552	1.14598454760195	-3.05950257150638	0.00442155545570541	0.831665785477428	-2.74895618112248
NALCN	-0.0541701478103207	1.03573945703057	-3.05857375686079	0.00443217177074537	0.831665785477428	-2.75120313700228
ALK	-0.144124154918626	1.0613239471677	-3.05792780723523	0.00443956919174707	0.831665785477428	-2.75276557553084
KIAA0319L	-0.350471163611846	3.62934638009049	-3.05567707222536	0.00446543617572174	0.831665785477428	-2.75820829531176
KCNK4	-0.0893217766710022	1.02563130715971	-3.04719309364706	0.00456422970782932	0.831665785477428	-2.77870445223705
ABHD2	-0.475210828941523	4.23368034995204	-3.04467432915982	0.00459395645169966	0.831665785477428	-2.78478341870418
MED23	-0.320648370870059	3.38896816131346	-3.04349693368692	0.00460791503350536	0.831665785477428	-2.78762407989053
ZNF644	-0.37702650171033	4.00760086826122	-3.04085615995905	0.00463936892071307	0.831665785477428	-2.79399318088336
SEMA5B	-0.31953686349243	1.17201630936737	-3.03947781641949	0.00465586685184508	0.831665785477428	-2.797316302048
OR51M1	-0.0514564252042888	1.01314957515946	-3.03865196675727	0.00466577837418962	0.831665785477428	-2.79930698825916
RNF128	-1.33749998937409	2.39976029873041	-3.03489466544725	0.00471112484550449	0.831665785477428	-2.80836007979517
KDM4A	-0.417084165787476	3.65920877192273	-3.03159455640917	0.00475129748130924	0.831665785477428	-2.81630647237054
MR1	-0.462678132697684	3.06666823114754	-3.03125028153586	0.00475550701518278	0.831665785477428	-2.81713518246183
MAGEC1	-0.18222058840267	1.03646037635458	-3.02779235684331	0.00479798421564546	0.831665785477428	-2.82545592142365
TTC17	-0.307030005095887	3.73688908222608	-3.02061018942405	0.00488736048781119	0.831665785477428	-2.84272138992153
ALX1	-0.178534742313259	1.0645779078439	-3.01932374652813	0.00490353470660208	0.831665785477428	-2.84581150901319
ZNF883	-0.175135194687534	1.1320610593877	-3.01831733464697	0.00491622344391446	0.831665785477428	-2.84822846477529
IDS	-0.518852216325221	4.97230559363742	-3.01801239492448	0.00492007422146376	0.831665785477428	-2.84896070643517
AGXT	-0.0512175647629183	1.01081326984155	-3.0112142253414	0.00500666608818457	0.840384658144715	-2.86527421745288
TEX261	-0.323846173847101	4.11755855892376	-2.99779284138098	0.00518187071710638	0.861634802904211	-2.89742098947458
CPSF4L	-0.0335620123952372	1.02033107891537	-2.994577353537	0.00522469857222869	0.861634802904211	-2.90511073478387
LRRC56	-0.309748746714789	1.33560669416992	-2.99336323131374	0.00524095659809252	0.861634802904211	-2.90801306619821
LOC101927204	-0.233135886031789	1.65666713319049	-2.98438794051114	0.0053626340987999	0.87484849371751	-2.92944772755999
LOC101927151	-0.555413844778343	2.16545644304382	-2.98208918694227	0.0053942247664955	0.87484849371751	-2.93493173647621
SLC22A15	-0.498162779487851	2.0031103643878	-2.96816322903425	0.0055893918485801	0.894414483609788	-2.96810295704507
CASC9	-1.45137615367024	1.93595509018607	-2.96113004208228	0.00569047443334917	0.90455932333563	-2.98482227709532
C1orf159	-0.305030223357948	2.31824207729205	-2.95172458289977	0.00582834955059977	0.913631810573407	-3.00714561448903
SLC44A3	-0.657343387445742	2.06012620743094	-2.94958816976362	0.00586010349335894	0.913631810573407	-3.01221061486561
CD109	-0.887668096706829	4.67107127573258	-2.94186169446717	0.0059763107791809	0.913631810573407	-3.03051096643407
SMG1P2	-0.0205891859433998	1.02009495784611	-2.94083675081813	0.00599188828218671	0.913631810573407	-3.03293650180057
IFT172	-0.330567459149447	1.91043134914465	-2.93798236391671	0.00603547234492005	0.913631810573407	-3.03968886553535
ZNF23	-0.233399860762605	1.91355347485396	-2.93483908194232	0.00608381319006126	0.913631810573407	-3.04712027772867
DYNLRB2	-0.142609600595855	1.11332583283321	-2.93128822376189	0.00613886099277329	0.915224101922592	-3.05550977770094
ART5	-0.0905227052469006	1.05876848231941	-2.92605506197328	0.00622084502362002	0.9217218709997	-3.06786331990474
TOB2P1	-0.0854149207887245	1.11060945775894	-2.90473359821286	0.00656565059952636	0.956701936299491	-3.11806304135694
EVA1A	-0.97596206291809	2.64895709700518	-2.90344614934828	0.00658703634861988	0.956701936299491	-3.12108740357289
NPIPA1	-0.487942813406222	4.20504013437241	-2.90114155453959	0.00662548159075423	0.956701936299491	-3.12649920332578
OR10Q1	-0.0115242180545023	1.00382115810462	-2.90100792044616	0.00662771733613269	0.956701936299491	-3.12681293470488
SCAF8	-0.347782123945663	3.79056636074328	-2.89274739001982	0.00676730478266932	0.956701936299491	-3.14618969803118
BCAT2	-0.478155336910554	3.60152241525809	-2.89235229327918	0.00677404996116842	0.956701936299491	-3.14711566819998
PPP1R32	-0.0656503242521311	1.16908595225746	-2.88955851214926	0.00682192668990622	0.956701936299491	-3.15366121078233
LAMP5	-0.928337861443687	2.35763299370018	-2.88844145481665	0.00684115845740583	0.956701936299491	-3.15627732384176
ZNF735P	-0.00605041827000496	1.00106772087118	-2.88760995922949	0.00685550693844571	0.956701936299491	-3.15822427512371
CCDC146	-0.305240157642753	1.68676397659593	-2.88475384315982	0.00690500848949262	0.958039992909198	-3.16490937993687
GRP	-0.421992886557092	1.34644123329436	-2.87134380690813	0.00714195195606813	0.961647229511536	-3.19624522671327
SESN3	-0.924214924174849	5.09521463540462	-2.87075864206912	0.00715246321262023	0.961647229511536	-3.19761064794117
KIAA1107	-0.207534197595759	1.32717145259381	-2.87023326115343	0.00716191295260013	0.961647229511536	-3.19883642958942
PLCB1	-0.448035974982635	1.83485307672428	-2.86688816995907	0.00722235478831379	0.961647229511536	-3.2066378506329
POLR3C	-0.332477429651366	3.61374734034278	-2.86308910935131	0.00729158004295711	0.961647229511536	-3.21549149179764
PAGE3	-0.0168578541461399	1.00363860070789	-2.85803532855395	0.00738463410212453	0.96859766313276	-3.22725845250014
PAX8-AS1	-0.065909505927459	1.05460174236377	-2.85202598374188	0.00749673306188285	0.971020275098392	-3.24123423405802
TM2D1	-0.374305649173281	4.05248755716388	-2.84832488381232	0.00756656611309016	0.971020275098392	-3.24983308186044
CDYL2	-0.504454006907788	2.65877433806423	-2.84738021105277	0.00758448787093306	0.971020275098392	-3.25202679587121
HOXA3	-0.17582318426834	1.19011075925018	-2.84496398095982	0.00763050842955176	0.971020275098392	-3.25763577893981
RYR3	-0.258079065447203	1.21435652586055	-2.8367856940086	0.00778822607969885	0.971020275098392	-3.27659957451236
SH2D7	-0.0128557004223779	1.00899303901235	-2.83110132034394	0.00789964335061833	0.971020275098392	-3.28976124580206
LOC101928569	-0.0070181549064301	1.00159845243406	-2.82982425899139	0.00792487919457084	0.971020275098392	-3.2927159932421
ADAMTS15	-0.584817662923559	2.09128950917829	-2.82904106040603	0.00794039322831095	0.971020275098392	-3.29452769069316
RRH	-0.0331592364699349	1.0251164517142	-2.82864045903656	0.00794833955898326	0.971020275098392	-3.29545424673263
RPL13P5	-0.193995077981837	1.55205712858503	-2.82538742281285	0.00801314324698849	0.971020275098392	-3.30297531841389
STRA6	-0.840895251998031	1.75299938079868	-2.82401488564604	0.00804063373454979	0.971020275098392	-3.30614708648423
PDXDC1	-0.306144240796627	4.76009709760042	-2.82352982253298	0.0080503701514219	0.971020275098392	-3.30726778734513
GLMN	-0.38509932874436	2.96378195203838	-2.818949104448	0.00814286259587047	0.977029584818166	-3.31784547029564
GPR126	-0.819258735239683	2.54780805477251	-2.81028422850616	0.0083205484604803	0.977029584818166	-3.33782587066098
CCT6P3	-0.211228173371666	1.45932362868228	-2.80862818265286	0.00835491853984732	0.977029584818166	-3.34164033040373
DOPEY1	-0.24142238012694	2.67011808006663	-2.80646856470779	0.008399939542258	0.977029584818166	-3.34661265191244
LOC93622	-0.509217434355627	2.95148506727641	-2.80446097915848	0.0084419946752585	0.977029584818166	-3.35123285660096
EMX1	-0.167791106877412	1.0817024952431	-2.80329398708106	0.00846653141866344	0.977029584818166	-3.35391762128305
CARS	-0.37558707176002	4.14665195531892	-2.7914577938418	0.00871919277696138	0.991880493959261	-3.38110946242049
MPZL1	-0.529515914580924	5.4882669495225	-2.78634740957152	0.00883044605047737	0.993366362591603	-3.39282815260706
CCDC23	-0.327675470707298	3.28869502201474	-2.78593376998892	0.00883950880472166	0.993366362591603	-3.39377610252445
TMC6	-0.46551301492344	4.14866625104093	-2.78419508374408	0.0088776981968408	0.993366362591603	-3.39775976178611
LOC100500773	-0.00960524615437985	1.00169504343901	-2.78109365006603	0.00894620275504225	0.993366362591603	-3.40486196408989
FAM171B	-0.605990205121631	1.97164456530529	-2.77994153534492	0.00897177628506141	0.993366362591603	-3.40749904501693
H2AFV	-0.233308355247281	5.52095165491302	-2.76934476994082	0.00921021685526063	0.999999999999543	-3.43172265999474
C2orf27A	-0.134047469838769	1.37869467877658	-2.76826207799046	0.00923490916375673	0.999999999999543	-3.43419444005443
TMEM106B	-0.427185809134309	3.90439006961469	-2.76763341967082	0.00924927494809186	0.999999999999543	-3.43562939145046
C6orf211	-0.338608529232983	3.7597202339255	-2.76621197801636	0.00928183397535579	0.999999999999543	-3.43887318187134
KIDINS220	-0.345213228376895	4.10236102433129	-2.76150393104045	0.0093904404674302	0.999999999999543	-3.44960983054725
MAP3K4	-0.566573440431279	3.55010929650869	-2.76028562862323	0.00941873714173295	0.999999999999543	-3.45238632315864
CTAG2	-0.176229840735979	1.05416095290952	-2.75784556428853	0.00947565028466668	0.999999999999543	-3.45794492371674
CD207	-1.14550751556954	2.18680962804815	-2.75213468247546	0.00961011016638642	0.999999999999543	-3.47094277640044
ASH2L	-0.598799570499514	3.78032650050745	-2.75136361603482	0.00962840031653797	0.999999999999543	-3.47269643395574
SORBS2	-0.753790186460762	1.85771944138315	-2.74587806723877	0.00975946085387544	0.999999999999543	-3.48516360037714
GTDC1	-0.48353605224018	3.31886152174998	-2.7447022296523	0.00978776957444722	0.999999999999543	-3.48783395723356
C10orf10	-0.934297547711157	3.49666817239582	-2.74035366864931	0.00989312922383274	0.999999999999543	-3.49770349307578
FAM227B	-0.10887644178018	1.20995898058521	-2.7354273409819	0.0100137640936444	0.999999999999543	-3.50887260464527
UBR1	-0.406654732616912	3.46533832175669	-2.73486759441581	0.0100275574381306	0.999999999999543	-3.51014088855058
WASH3P	-0.106586583950001	1.25797245489145	-2.73131997012602	0.0101153909181311	0.999999999999543	-3.51817540755692
AP2A2	-0.394929577692582	3.7228449236731	-2.72300866083983	0.010323979600504	0.999999999999543	-3.53697309753753
OR51B5	-0.281934962480123	1.0666109460003	-2.72039470363123	0.0103904054836658	0.999999999999543	-3.54287769790021
PXDNL	-0.107372726315002	1.12657747424299	-2.7200975485884	0.0103979819239334	0.999999999999543	-3.54354870956124
RNH1	-0.548519694017662	6.65147563450317	-2.71642175875941	0.0104921282902959	0.999999999999543	-3.5518452942649
DOCK7	-0.461729106176672	3.21056920860677	-2.71641745164042	0.0104922390705301	0.999999999999543	-3.5518550117007
ZBTB8A	-0.105519440986126	1.36508716097213	-2.70477160940797	0.0107957859850031	0.999999999999543	-3.5780942748465
TMEM234	-0.31801833687462	2.77064154280693	-2.69630432764618	0.011021590825637	0.999999999999543	-3.59712744597548
PARN	-0.290601424210995	4.24825873668246	-2.69478153435692	0.0110626634725438	0.999999999999543	-3.60054646851559
TTTY16	-0.292527246094487	1.09699568387326	-2.6921780414725	0.0111332143471653	0.999999999999543	-3.6063890899344
DISP2	-0.50233501714994	1.45291775004673	-2.69217191291247	0.0111333809144437	0.999999999999543	-3.60640283912263
SLC7A6	-0.306748780341667	2.00252699412907	-2.69182618331585	0.0111427812022594	0.999999999999543	-3.60717843816372
LOC102724386	-0.0516917959303933	1.05824610876962	-2.68827045679519	0.0112398893077533	0.999999999999543	-3.61515159486217
BBS1	-0.328746056026668	1.84442413355708	-2.68602911553581	0.0113015045191366	0.999999999999543	-3.62017402775371
ERI3	-0.441775333596879	4.62416207249272	-2.68435888603437	0.0113476235517123	0.999999999999543	-3.62391498170933
FRMD7	-0.0471506279171905	1.02416238706652	-2.68029773989412	0.0114604917748576	0.999999999999543	-3.63300492795437
HGSNAT	-0.599438469803127	3.57155221123869	-2.67982949190855	0.0114735722406315	0.999999999999543	-3.63405243337532
CASC1	-0.0231562921752588	1.03081195752636	-2.67618656431433	0.0115758115594267	0.999999999999543	-3.64219796863254
BRWD1	-0.303368433705407	3.93313469444578	-2.67563697082148	0.0115913092106975	0.999999999999543	-3.64342624175019
MFGE8	-0.680240602078086	5.21043742961288	-2.67425111584269	0.0116304736507413	0.999999999999543	-3.64652274426382
MANEA	-0.380918167815685	3.05844744409702	-2.67357039645222	0.0116497558219814	0.999999999999543	-3.64804334512312
EVC	-0.37193075202285	1.84893635253458	-2.67226015110209	0.0116869536013757	0.999999999999543	-3.65096949800548
OR5M11	-0.01765105653679	1.00755547721757	-2.66955387080974	0.011764133965808	0.999999999999543	-3.65701050995534
C2orf81	-0.211101484740496	1.40621596956294	-2.66924610328591	0.0117729410740467	0.999999999999543	-3.65769726815029
FLJ41941	-0.064800874964942	1.04561495353622	-2.66717880192752	0.0118322579469138	0.999999999999543	-3.66230897710837
OR52E6	-0.0165490548478022	1.00374260087161	-2.66145962751796	0.011997805390161	0.999999999999543	-3.67505537747969
LATS1	-0.36123155976163	3.56778638677922	-2.66134724967473	0.0120010797017196	0.999999999999543	-3.67530566073118
CERS2	-0.56302282186041	4.96567812458412	-2.65947689896876	0.012055697244358	0.999999999999543	-3.67947023782013
CD164	-0.334551926065337	6.61822064721751	-2.65925545212315	0.0120621791233647	0.999999999999543	-3.6799631940658
TUBA3E	-0.0850176077566065	1.02169091910653	-2.65800945784887	0.0120987103966896	0.999999999999543	-3.68273637630617
FRYL	-0.405625435656351	3.84943218474437	-2.6567292807709	0.0121363507072116	0.999999999999543	-3.68558477388032
GRIN2A	-0.0530957975707171	1.02697223066776	-2.65618254614754	0.0121524590951535	0.999999999999543	-3.68680099277562
CHDC2	-0.00782658643679413	1.00215953297468	-2.6547890228001	0.0121936060312614	0.999999999999543	-3.6899001815643
LOC102724849	-0.00726388574808245	1.00185603822288	-2.65311979986721	0.0122430636323032	0.999999999999543	-3.6936111558381
LOC101928766	-0.011043459305641	1.00650635118668	-2.65160465142302	0.0122881170794558	0.999999999999543	-3.6969783026758
MMP9	-1.03590627397016	5.73302185993842	-2.64727496697299	0.0124177100709898	0.999999999999543	-3.70659346346611
DYNC1I1	-0.309016915086836	1.22402032535147	-2.6444849990242	0.0125018871391251	0.999999999999543	-3.71278395698211
ACVR1C	-0.283583722146511	1.47346578666224	-2.64433828812529	0.0125063282010102	0.999999999999543	-3.71310936915469
FLJ12825	-0.0454769844713838	1.0358545708679	-2.64292016441399	0.0125493314005767	0.999999999999543	-3.71625424171999
WHSC1L1	-0.571530109129132	3.84030215192367	-2.63923991132838	0.0126615712474735	0.999999999999543	-3.72441062348969
DR1	-0.342320827101963	5.45003251173697	-2.63907685852882	0.0126665654525639	0.999999999999543	-3.72477182121099
LEMD1	-0.772713540269267	1.78886014441562	-2.63589667388893	0.0127643380344729	0.999999999999543	-3.73181375781451
MBTPS1	-0.209616559307945	4.83137628732428	-2.6273486028674	0.0130306165480257	0.999999999999543	-3.7507147815867
SPSB4	-0.27624660922527	1.19623675874993	-2.62668253026887	0.0130515796071374	0.999999999999543	-3.75218590144917
EDIL3	-1.00236837216297	3.30221204549787	-2.6235425323023	0.013150824582839	0.999999999999543	-3.75911780634577
L3MBTL1	-0.152591539027651	1.18293755387919	-2.62332765372478	0.0131576416463154	0.999999999999543	-3.75959197952821
CLEC4F	-0.0591606157361699	1.04986128599247	-2.62226790411967	0.013191310249632	0.999999999999543	-3.761930164789
KRTAP11-1	-0.353102685281082	1.09892365678197	-2.61948548354259	0.0132800883835959	0.999999999999543	-3.76806626744217
ZNF324B	-0.211615694083447	1.9626262641532	-2.61468699793015	0.0134344920787122	0.999999999999543	-3.77863850954357
FAM114A1	-0.494307741762167	4.27459337955414	-2.61441723129485	0.0134432216098948	0.999999999999543	-3.77923249870984
MAMDC2	-0.604454004185897	1.72737770852164	-2.60817108988432	0.0136468162930577	0.999999999999543	-3.79297452373456
STRIP1	-0.34768603467059	3.85071729888264	-2.60809066855736	0.0136494561332595	0.999999999999543	-3.79315131808015
RIPK3	-0.627226444280592	2.378554378428	-2.60726326004221	0.0136766433409859	0.999999999999543	-3.7949700471131
SUN2	-0.37750134066496	4.55654376626203	-2.60080025303506	0.0138907348239242	0.999999999999543	-3.80916348144033
SSBP2	-0.503218213363767	2.1911103952381	-2.6000256083963	0.0139166021942018	0.999999999999543	-3.81086314216338
CRISPLD1	-0.500260230010143	1.59776359626358	-2.59805627656396	0.0139825637019397	0.999999999999543	-3.8151826001797
RBFADN	-0.0388025972622121	1.03302070644301	-2.59676472831587	0.014025979937324	0.999999999999543	-3.81801427455783
HLA-DQB2	-1.10313220765057	3.05675369607352	-2.595864438099	0.0140563173781515	0.999999999999543	-3.81998758610991
ERLIN2	-0.49742364473755	4.00250725130616	-2.59452941370199	0.0141014157917529	0.999999999999543	-3.82291295276978
ZNF836	-0.225789230077543	1.94306457972283	-2.59083310439441	0.0142269786334409	0.999999999999543	-3.83100734742037
ESYT2	-0.416078530302618	4.62846355933277	-2.58606672174898	0.0143904151575929	0.999999999999543	-3.84143391238229
LINC01012	-0.219062223103497	1.22728517203636	-2.58575962942549	0.014401004361749	0.999999999999543	-3.84210525262468
AZIN1	-0.405164772838739	5.74195481602752	-2.58422167648341	0.0144541445459016	0.999999999999543	-3.84546661465999
MAPK8IP3	-0.49543332770791	2.6127752955609	-2.58352011223308	0.0144784454155273	0.999999999999543	-3.84699952389097
SERINC3	-0.452076101164297	6.23817098421146	-2.58302282493956	0.0144956933376312	0.999999999999543	-3.84808592532046
TMEM80	-0.487636481316616	2.91595182732725	-2.58236555498412	0.0145185191875842	0.999999999999543	-3.84952162345092
PRUNE	-0.253952619317156	3.15941269838627	-2.5784696457642	0.0146544995313134	0.999999999999543	-3.85802667655659
OSBPL9	-0.443648668838929	4.37333181035716	-2.57607861543501	0.0147385352229783	0.999999999999543	-3.86324229582108
CC2D1B	-0.330082312025198	2.98694191618412	-2.57586946550553	0.0147459071501295	0.999999999999543	-3.86369836908001
IGFN1	-0.190445290250512	1.13857807447312	-2.57116206591454	0.0149127313998091	0.999999999999543	-3.87395690534328
CGB7	-0.113117038606049	1.15479578791318	-2.56365320104677	0.0151824403599326	0.999999999999543	-3.89029492212068
CERS5	-0.248765857280719	3.64209080881612	-2.56335462356526	0.0151932572281345	0.999999999999543	-3.89094392490302
HOTAIR	-0.0632087145362852	1.06415377766923	-2.56113837067171	0.0152737698757588	0.999999999999543	-3.89575972243958
IPP	-0.370022379381055	2.57017375549722	-2.55851841684083	0.0153694551364258	0.999999999999543	-3.90144919237368
LOC100505515	-0.0118274550464992	1.00375936296255	-2.55560222164958	0.0154766087007685	0.999999999999543	-3.90777745152884
VTCN1	-0.37727226666425	1.18569529987549	-2.55463872901844	0.0155121624788425	0.999999999999543	-3.90986721971837
HBE1	-0.209446645460245	1.04272828840312	-2.55356353455793	0.0155519269357509	0.999999999999543	-3.91219864807719
WWC3	-0.335291085319274	3.10740495117683	-2.55305636352695	0.0155707164531641	0.999999999999543	-3.91329816126857
C15orf65	-0.106287249565266	1.18258592907686	-2.54510383549358	0.0158680852895955	0.999999999999543	-3.93051978539199
LOC284344	-0.0359675572176466	1.0253836331594	-2.54351390920126	0.0159281606753435	0.999999999999543	-3.93395858006413
TTBK2	-0.33862175618239	2.29821177252159	-2.54293215139722	0.01595019464175	0.999999999999543	-3.93521648659633
LETM2	-0.601952561218882	1.67434980673397	-2.54014329160375	0.0160562121040789	0.999999999999543	-3.94124404684548
MAST2	-0.339402712018758	2.76283214759131	-2.53843820359642	0.016121349272453	0.999999999999543	-3.94492708590723
NBPF11	-0.0157296260758362	1.03316570204798	-2.53435459850258	0.0162783388737327	0.999999999999543	-3.95374109877982
NAV1	-0.576296230306784	3.56594670443362	-2.53398468684605	0.0162926289189156	0.999999999999543	-3.95453904566896
PPEF1	-0.289496936479784	1.31516185852074	-2.53361351976543	0.0163069790535048	0.999999999999543	-3.95533962267463
PLEKHA6	-0.19598176467141	1.25247362667895	-2.52873693182693	0.0164966009390972	0.999999999999543	-3.96585076097436
TGFB3	-0.862666280989823	3.87667360736276	-2.5272754848376	0.0165538214489358	0.999999999999543	-3.96899817454094
MXRA7	-0.579909632961685	4.98026492422046	-2.52672221252746	0.0165755314521541	0.999999999999543	-3.97018940042874
TXLNA	-0.271461860310868	4.70508355594433	-2.5259799865468	0.0166046969517044	0.999999999999543	-3.9717871804493
PARP16	-0.262234228546625	2.13896920718548	-2.5233172031438	0.0167097185009222	0.999999999999543	-3.97751673778058
KIAA1430	-0.306488104508197	3.99933623990331	-2.51992167862414	0.0168445248811986	0.999999999999543	-3.98481708452463
CD1A	-0.899443393615941	1.98270088911933	-2.51922077511709	0.0168724756630363	0.999999999999543	-3.98632320158435
OR51Q1	-0.0402477035032975	1.01313617861117	-2.51313360939563	0.0171170181582628	0.999999999999543	-3.99939163272299
NOMO3	-0.385882174628803	1.67324925753592	-2.51245735521423	0.0171443855042161	0.999999999999543	-4.00084216283728
GPR89A	-0.28473015874272	2.11864969088291	-2.50150201093866	0.0175933691262032	0.999999999999543	-4.02430425807814
CGB8	-0.233483813383131	1.16424376050016	-2.50126210411105	0.0176033208344307	0.999999999999543	-4.02481727363138
CHODL	-0.297309503739688	1.40862764340299	-2.49918666709758	0.0176896289513804	0.999999999999543	-4.02925399411766
SULF2	-0.866251407498716	5.76579153093336	-2.49867211466252	0.0177110868244021	0.999999999999543	-4.03035358355265
SMEK3P	-0.0165323572926313	1.00472628085719	-2.49815132314856	0.0177328291806256	0.999999999999543	-4.03146635039952
FAM73A	-0.361905878123937	2.66027268888778	-2.49296405957116	0.0179507302591594	0.999999999999543	-4.04254135199897
GLYR1	-0.267799745125061	4.35201396726356	-2.49099478658366	0.0180340941382444	0.999999999999543	-4.04674175339518
SNX7	-0.5062034200021	3.87963797161234	-2.48712822398492	0.018198807695601	0.999999999999543	-4.05498249033017
SH3GLB1	-0.505236591352719	4.64024615852042	-2.48645090169222	0.0182278027477768	0.999999999999543	-4.05642516425334
E4F1	-0.193738389812918	3.23455929486744	-2.48625283102033	0.0182362898212149	0.999999999999543	-4.05684699794395
C8orf48	-0.120245574332899	1.14676144411208	-2.48289386556905	0.0183807694901067	0.999999999999543	-4.06399716604788
SPATS2L	-0.4416618219956	4.45423547807644	-2.48122508418398	0.0184529381534919	0.999999999999543	-4.06754703564041
EFCAB14	-0.31763429457156	5.02531733807326	-2.48100237306581	0.0184625891926366	0.999999999999543	-4.06802066944053
FUT10	-0.321449438099954	2.25112305186499	-2.47916313471822	0.018542468248961	0.999999999999543	-4.07193102662705
TARS2	-0.289323762421634	3.13555010812546	-2.47868021492458	0.0185634940870165	0.999999999999543	-4.07295742395336
LECT2	-0.0182041826115564	1.00637888090424	-2.47783904315947	0.0186001699851001	0.999999999999543	-4.07474492579927
TENM4	-0.408346993803153	2.19122011308483	-2.47677127834876	0.0186468211059487	0.999999999999543	-4.0770133480495
C9orf153	-0.0145471279538427	1.0148606672163	-2.47331684047951	0.0187984817810672	0.999999999999543	-4.08434761012335
PKN2	-0.395710332758921	4.11444470998376	-2.47272030780899	0.0188247854612082	0.999999999999543	-4.08561342951976
AP3M2	-0.342779114928895	2.49537591000233	-2.47077146396804	0.0189109532667622	0.999999999999543	-4.08974735446618
LINC00668	-0.5848786252684	1.30559921798146	-2.46932310554878	0.0189752258048767	0.999999999999543	-4.09281820421794
PAPLN	-0.685130937584177	2.42987435806695	-2.46876704390553	0.0189999547163997	0.999999999999543	-4.09399685609719
COL16A1	-0.688380880023455	4.26260218665047	-2.46509825536862	0.0191638516945683	0.999999999999543	-4.1017688461747
LOC102723854	-0.437817479753798	1.13081749908283	-2.46203459844153	0.0193017050754831	0.999999999999543	-4.10825288618287
ZMPSTE24	-0.314879278760657	5.21577272559968	-2.46128615295828	0.0193355199234808	0.999999999999543	-4.10983608897136
IQCE	-0.27669356574892	2.29404237818852	-2.46074550899258	0.0193599799622586	0.999999999999543	-4.11097952048463
KLHL5	-0.429259072415513	3.26801281241153	-2.45375998923837	0.0196785759392628	0.999999999999543	-4.12573807288947
LOC102723742	-0.0151900201769151	1.00684288326027	-2.45242413584443	0.0197400446368408	0.999999999999543	-4.1285571107716
TROVE2	-0.281399871274394	4.40295297729743	-2.45225230130187	0.0197479642488148	0.999999999999543	-4.12891965524238
PIGQ	-0.357492331949039	3.20709048132491	-2.45026970579058	0.0198395494877445	0.999999999999543	-4.13310136965487
MICALL2	-0.305019511136028	2.60143804877991	-2.44886863017204	0.0199045054571586	0.999999999999543	-4.13605513900461
BAG4	-0.514499321852719	3.77956481676832	-2.44417797352976	0.0201233876811417	0.999999999999543	-4.14593562815004
RTCA	-0.370737295088685	4.23487691843407	-2.44286084867899	0.0201852432890791	0.999999999999543	-4.14870770925629
SPG11	-0.324974295581705	3.69919657605439	-2.4426741594538	0.0201940247332883	0.999999999999543	-4.14910054097096
PPARGC1A	-0.609676823780255	1.43956721275653	-2.43954976503775	0.0203415078314988	0.999999999999543	-4.15567183699805
B3GALTL	-0.442326823039368	2.82411951944108	-2.43938955250401	0.02034909689664	0.999999999999543	-4.1560086438958
ZNF274	-0.385654379445016	2.885640373261	-2.438845653043	0.0203748800092976	0.999999999999543	-4.15715194351506
EIF4G2	-0.343107180254989	8.22023548547998	-2.43813921900947	0.0204084124544252	0.999999999999543	-4.15863663616028
BRINP3	-0.0601727287420393	1.01852798896595	-2.43727080545023	0.020449702625049	0.999999999999543	-4.1604613516171
HCG25	-0.0229928590497266	1.01436125976743	-2.43697723947551	0.0204636779415847	0.999999999999543	-4.16107809304357
LTBP3	-0.395273862734779	2.65572134076349	-2.43434622542607	0.0205893179627434	0.999999999999543	-4.16660320821651
TTYH2	-0.398490660012924	2.04663816389622	-2.43360261963334	0.0206249550635036	0.999999999999543	-4.16816403213816
ITPRIPL2	-0.460612361875937	4.07811997727587	-2.43321003604646	0.0206437922121267	0.999999999999543	-4.16898793028306
LOC100129924	-0.012805430631069	1.00939866198416	-2.43084614349255	0.020757549891606	0.999999999999543	-4.17394699455826
SLC25A24	-0.360598052823278	4.83163285384297	-2.42796513750517	0.0208969655884043	0.999999999999543	-4.1799863893792
TXNIP	-1.00654305427691	6.57949025885101	-2.4267485252686	0.0209560950838887	0.999999999999543	-4.18253526643556
CPXCR1	-0.0287166376016914	1.01209113204166	-2.42294993095287	0.0211416965395923	0.999999999999543	-4.19048788133931
ARHGAP28	-0.508723084800665	1.83968610684422	-2.4226609226525	0.0211558788074201	0.999999999999543	-4.19109258778869
SLC24A1	-0.162867266779707	1.63798755190811	-2.42010419948317	0.0212817209921834	0.999999999999543	-4.19643997666772
ANO4	-0.0850519044668596	1.06662861197171	-2.41905998696353	0.0213333131626152	0.999999999999543	-4.19862282588596
RNF207	-0.219560681006726	1.39282624650805	-2.4181846727497	0.0213766482351352	0.999999999999543	-4.20045210386752
ADAM9	-0.661460769077101	5.80936256119705	-2.41710281282144	0.02143031980511	0.999999999999543	-4.20271239937624
LOC100129138	-0.0241996511999081	1.00886746644017	-2.41680554312271	0.021445088980233	0.999999999999543	-4.2033333529607
WRAP73	-0.25331863327989	3.41321639149419	-2.41538117735313	0.0215159841343331	0.999999999999543	-4.2063079146666
TCTN1	-0.449297457730551	2.33659318379378	-2.40945300137751	0.0218133471891643	0.999999999999543	-4.21867492128744
PXYLP1	-0.386436062976349	1.81827524987088	-2.4084812762192	0.0218624453209005	0.999999999999543	-4.22070006679195
SLC39A10	-0.388717357159117	3.35124812275423	-2.40821108429705	0.0218761151124303	0.999999999999543	-4.22126306562371
MEGF6	-0.46778989965024	2.18090878136592	-2.407440521479	0.021915142869546	0.999999999999543	-4.22286844647126
RIMS2	-0.340917979743111	1.29304254624674	-2.40713826259962	0.0219304690927337	0.999999999999543	-4.22349807146899
TNFRSF21	-0.540730651824697	5.71034656845157	-2.40667269415159	0.0219540951190593	0.999999999999543	-4.22446777364271
PCDHB16	-0.346845254546475	1.37580391415444	-2.40655698592788	0.0219599705143984	0.999999999999543	-4.2247087545637
SRC	-0.56088383996828	4.20168162273503	-2.40626145731855	0.0219749832692199	0.999999999999543	-4.2253242037606
DDX53	-0.0229257647813155	1.00545761344452	-2.40264839160448	0.0221592826163748	0.999999999999543	-4.23284430244655
TNN	-0.251119541923496	1.18481528338134	-2.40132020828982	0.0222273849221797	0.999999999999543	-4.23560675950103
TCHHL1	-0.298190775283174	1.23204845699352	-2.40077313470708	0.0222554913358775	0.999999999999543	-4.23674429614564
RAET1K	-0.0307395338827816	1.03990042892366	-2.39889132456335	0.0223524181815832	0.999999999999543	-4.24065579012835
ZNF616	-0.27757397801238	2.17899465564545	-2.39821591439395	0.0223873002442747	0.999999999999543	-4.24205916424339
CTHRC1	-1.23578459808446	4.99266322597577	-2.39688423825838	0.0224562207598846	0.999999999999543	-4.24482532878458
SAGE1	-0.0544451416720348	1.01212096722519	-2.39666934258981	0.022467360691135	0.999999999999543	-4.24527161096194
DENND1B	-0.371455703142439	3.35810746351393	-2.39459784282092	0.0225750027713811	0.999999999999543	-4.24957214606359
DNAH10	-0.018764770184452	1.01896204879369	-2.39298562189633	0.0226591035080377	0.999999999999543	-4.25291740301595
GNPTAB	-0.347175938593331	4.00389869012518	-2.39269184297123	0.0226744589974042	0.999999999999543	-4.25352680667347
TIMP3	-1.03461117584842	5.07207176902696	-2.39229259116923	0.0226953426011852	0.999999999999543	-4.25435491559434
LEMD2	-0.284056226670733	4.29131462258243	-2.39155301617451	0.022734073647872	0.999999999999543	-4.25588865201613
MAGEA11	-1.1384642159118	1.54619550873582	-2.39015271833574	0.0228075709555549	0.999999999999543	-4.25879169478651
ZNF112	-0.244918024057583	1.65369160368482	-2.38655528870624	0.022997380238602	0.999999999999543	-4.26624430555894
TRAM1L1	-0.17608063943092	1.2658607210719	-2.38428592644461	0.0231178547055164	0.999999999999543	-4.27094159461765
CD27-AS1	-0.112155144008358	1.24842930057816	-2.38382871350104	0.0231421962351456	0.999999999999543	-4.27188758889035
LOC100996255	-0.0597026827052094	1.12534118733504	-2.38230393656009	0.023223542156436	0.999999999999543	-4.27504150464541
LOC101927229	-0.290822503944577	1.30213786587	-2.38211286511404	0.023233753996737	0.999999999999543	-4.275436625753
CNKSR1	-0.44104406777334	2.79774761594859	-2.37887560585464	0.0234073909359121	0.999999999999543	-4.28212765966951
GLIS3	-0.3701998843357	1.92806853769595	-2.37613681672449	0.0235552108551458	0.999999999999543	-4.28778344000656
RAB28	-0.203788215216991	3.26085605564437	-2.37113773366534	0.0238272122878407	0.999999999999543	-4.29809510110962
LOC150776	-0.198319647043455	1.59037628578946	-2.36974949730215	0.0239032507206188	0.999999999999543	-4.30095592800851
LOC101929596	-0.0418776053347041	1.03042603133205	-2.36806103566847	0.0239960302833138	0.999999999999543	-4.30443386288468
GPR125	-0.526295988144768	3.12205770146669	-2.36640181948594	0.0240875210423348	0.999999999999543	-4.30784986103767
LINC01128	-0.197918387689509	1.92831656883497	-2.36553031489135	0.0241357033036405	0.999999999999543	-4.30964344280505
SH2B1	-0.218629274954466	2.9175158703489	-2.36397762990211	0.0242217622060603	0.999999999999543	-4.31283776279657
LANCL3	-0.223171053031907	1.32103141871408	-2.3597009104496	0.0244602440889536	0.999999999999543	-4.32162857614485
GALNT13	-0.232656072826604	1.21128541988677	-2.35865730184847	0.0245187608762306	0.999999999999543	-4.32377201676266
WFS1	-0.301248681305914	2.81419934829866	-2.3572695276827	0.024596772180573	0.999999999999543	-4.32662129545821
GPR39	-0.292818483343046	1.67653437003819	-2.35497578108608	0.024726204566038	0.999999999999543	-4.33132806087193
SOX9-AS1	-0.0510864815281908	1.06030296840139	-2.35089810023225	0.0249578265180524	0.999999999999543	-4.33968747660168
WDR35	-0.279313103962025	1.93270457364663	-2.34779427852654	0.025135446724519	0.999999999999543	-4.34604358411393
IGF2R	-0.515995468094851	4.87857206902251	-2.34688218917344	0.0251878594656351	0.999999999999543	-4.34791026250572
BCKDHB	-0.354592455287791	2.6830500391804	-2.34565322884951	0.025258637579034	0.999999999999543	-4.35042463683778
EXOSC10	-0.259368626806066	4.50481101091672	-2.34364278590281	0.0253748111471624	0.999999999999543	-4.35453586643463
LEFTY1	-0.0492292398055654	1.04040243679109	-2.34362059559949	0.0253760961104145	0.999999999999543	-4.35458123029647
ANKUB1	-0.152806184415937	1.05292017872726	-2.34256267805769	0.0254374248379265	0.999999999999543	-4.35674358916565
LRRC17	-0.565896220048848	1.7640051013056	-2.34235617617714	0.0254494116379189	0.999999999999543	-4.35716559360704
LOC102723631	-0.154745544612009	1.0364440346927	-2.34169163930044	0.0254880206794761	0.999999999999543	-4.3585234534157
KIF26B	-0.499765264611514	2.31778050025804	-2.34095886491691	0.0255306557323047	0.999999999999543	-4.36002042787225
CUL4B	-0.289155999767164	4.21083972978309	-2.33769278060775	0.025721472715972	0.999999999999543	-4.36668862893728
LOC400655	-0.0891520419120881	1.01934310121342	-2.33745459722752	0.0257354386583177	0.999999999999543	-4.3671746579227
ZCCHC11	-0.380518442728355	3.04036474810203	-2.33501073591187	0.0258791320116177	0.999999999999543	-4.37215949034767
RNASEL	-0.291405813907776	2.6042210680326	-2.33396491498959	0.0259408453409195	0.999999999999543	-4.37429155898244
SLCO1A2	-0.144645843967763	1.06723880797363	-2.33297458344016	0.0259994069737088	0.999999999999543	-4.37630987905961
PRDM9	-0.160358901090343	1.0296504906852	-2.33225353801841	0.0260421200213609	0.999999999999543	-4.37777900485828
OR51B2	-0.0895372007664708	1.01944642715766	-2.33165212850461	0.0260777946568406	0.999999999999543	-4.37900412657236
CYB561A3	-0.330851594785956	4.17867977609374	-2.33094175955762	0.0261199895275078	0.999999999999543	-4.38045091876675
LINC00202-2	-0.015807857116976	1.0045632520704	-2.33019810391291	0.0261642277286895	0.999999999999543	-4.38196516972364
ROR1	-0.31381482926644	1.53678854109633	-2.33003058790985	0.026174202180326	0.999999999999543	-4.38230622279476
ZNF774	-0.126254875264335	1.33350111665843	-2.32932340502587	0.0262163480797637	0.999999999999543	-4.38374581498176
DYNC2LI1	-0.338813990526838	3.18262656695724	-2.32553320316879	0.0264432799531803	0.999999999999543	-4.39145612686621
VCX3A	-0.283229917951802	1.05075261685935	-2.32542516434442	0.0264497745474835	0.999999999999543	-4.39167577661177
LOC101927599	-0.0462112554497898	1.06635348046616	-2.32538244761684	0.0264523427982108	0.999999999999543	-4.39176262041098
PLOD3	-0.451298479361276	3.7892405604495	-2.32526794023425	0.026459228418752	0.999999999999543	-4.39199541017579
ARSE	-0.163646611249654	1.19924111063312	-2.32481178741454	0.0264866741360251	0.999999999999543	-4.3929226729795
RASD2	-0.353834530607711	1.34220068381454	-2.32309308427096	0.0265903160488004	0.999999999999543	-4.39641527222472
SLC35F2	-0.490682723901802	3.92317525151752	-2.31984271142062	0.0267873239230762	0.999999999999543	-4.40301536855502
LIPA	-0.380298460916945	5.65752990643571	-2.31781971159845	0.0269106045972097	0.999999999999543	-4.40711987805888
VCX3B	-0.290345377646926	1.05315206358406	-2.31736756673273	0.0269382280824404	0.999999999999543	-4.40803689578405
PABPC4	-0.346500830419743	5.03719160821236	-2.31566602910194	0.0270424121005232	0.999999999999543	-4.41148672600712
ENO2	-0.577453509597781	2.51320766865247	-2.31540182834318	0.0270586215401668	0.999999999999543	-4.41202222509961
CDKAL1	-0.303153141769497	3.41914689606891	-2.31535851509339	0.0270612797637043	0.999999999999543	-4.41211001102067
ALMS1	-0.268943750984421	2.35999000331313	-2.31492669763034	0.0270877941929901	0.999999999999543	-4.41298514087756
GNAO1	-0.127302362092366	1.28774648845969	-2.31432018089302	0.0271250751186284	0.999999999999543	-4.41421412302649
CHST14	-0.423388799374349	2.7320444410278	-2.3140174487733	0.027143700565943	0.999999999999543	-4.41482746176166
OR13H1	-0.155400696935524	1.08240612936253	-2.31263633029726	0.0272288198373538	0.999999999999543	-4.41762489672533
MIR4441	-1.92393732631854	1.33951835170327	-2.31261592352684	0.0272300793254989	0.999999999999543	-4.41766622139464
MIR6132	-0.876628584234229	1.15469916192369	-2.31260741424426	0.0272306045265697	0.999999999999543	-4.41768345301489
PPCS	-0.302518559482632	4.61831723047847	-2.31135498095404	0.0273080057312589	0.999999999999543	-4.42021918408026
ADSS	-0.27061293247947	4.74476825924227	-2.31126438643075	0.0273136122293515	0.999999999999543	-4.42040256764496
GAGE1	-0.0615778403371925	1.01086667770656	-2.31044481280067	0.0273643792968695	0.999999999999543	-4.42206133445935
SETDB1	-0.251063642289323	3.20916547935523	-2.30874889392585	0.0274697006612672	0.999999999999543	-4.42549243504361
ZBTB38	-0.405543809248835	3.89789801741506	-2.30658665066198	0.0276045127004482	0.999999999999543	-4.42986436753626
OR51B4	-0.163472597032622	1.04083500498559	-2.30639129207406	0.0276167223261436	0.999999999999543	-4.43025922711195
SERINC1	-0.35065636537557	6.21416812584606	-2.30627579571565	0.0276239429716317	0.999999999999543	-4.43049265756776
EIF4EBP1	-0.90328352683109	5.95656649086442	-2.30586859151426	0.0276494143143293	0.999999999999543	-4.43131559394537
VCX	-0.20469884912691	1.03869132495489	-2.30527142145669	0.0276868066908737	0.999999999999543	-4.43252225236226
XAGE3	-0.0283876157359266	1.00500957924752	-2.30244493712368	0.0278644095667345	0.999999999999543	-4.43823048905127
TMC7	-0.348298975053151	1.77395328950882	-2.30224346452998	0.0278771083073447	0.999999999999543	-4.43863718225915
PTPLAD2	-0.632903115402224	3.05843160858169	-2.30194317514489	0.0278960451225791	0.999999999999543	-4.43924330003155
KRTAP19-4	-0.026750123186406	1.00472060997407	-2.30117083743542	0.0279448035123141	0.999999999999543	-4.44080196142438
TNK1	-0.468466020845898	2.54196651242375	-2.30021668190538	0.0280051463724075	0.999999999999543	-4.4427270333356
PIEZO1	-0.456388462792195	4.58450680040305	-2.29976842482317	0.0280335356764392	0.999999999999543	-4.44363122407829
COX7B2	-0.248602694529778	1.04521334979313	-2.29923199221064	0.0280675434852326	0.999999999999543	-4.44471310986069
ZNF565	-0.140965675485364	1.60413818347241	-2.29856038721286	0.0281101731648395	0.999999999999543	-4.44606735832616
MANBA	-0.601127551278324	3.51754444644228	-2.29825937727258	0.0281292985133255	0.999999999999543	-4.44667423351219
DIRAS1	-0.375484380715322	1.253129622925	-2.29725513817094	0.0281931900288588	0.999999999999543	-4.44869849776361
TMOD2	-0.346476656155283	2.10667327407524	-2.29600952881781	0.028272619758885	0.999999999999543	-4.45120841474265
TMEM87B	-0.30580005163918	4.42546674233987	-2.29579198649188	0.0282865126257861	0.999999999999543	-4.45164666478945
GLI3	-0.504239912802472	2.69669425698907	-2.29468226943586	0.0283574781153619	0.999999999999543	-4.45388178220329
FIZ1	-0.155627396045243	1.94125399586963	-2.29443759551235	0.0283731463902437	0.999999999999543	-4.45437448356575
LOC101929690	-0.0235401441061787	1.02071561824994	-2.2943224993439	0.0283805195450561	0.999999999999543	-4.45460624037108
POTEF	-0.102177171070501	1.04694101147627	-2.29334350897927	0.0284433043312242	0.999999999999543	-4.45657719069233
CLSTN1	-0.642216680503279	5.76295918417832	-2.29181235939884	0.0285417513518597	0.999999999999543	-4.45965856279332
FBXL4	-0.244101749198448	3.33601652544158	-2.2902370643561	0.0286433571648256	0.999999999999543	-4.46282723216713
MAGEB16	-0.0190076329940572	1.00335428817542	-2.29010914911663	0.0286516219309109	0.999999999999543	-4.46308446194744
TH	-1.13212758659286	1.61232302370556	-2.28857675382485	0.0287507991415768	0.999999999999543	-4.4661652125972
LOC100129520	-0.0240958178206077	1.00436759326569	-2.28706492466198	0.0288489483136284	0.999999999999543	-4.46920316314614
C1orf87	-0.0355609755558126	1.00655353856698	-2.28660176262419	0.0288790775132941	0.999999999999543	-4.47013357670848
HS2ST1	-0.369652452249826	3.43504515797614	-2.28609498579792	0.0289120763760246	0.999999999999543	-4.47115144956216
KLHDC8A	-0.0539867598367738	1.05041325867659	-2.2848763360697	0.0289915680541249	0.999999999999543	-4.47359847054502
FRRS1	-0.525527445229578	3.56807349416027	-2.28476799367427	0.0289986446733693	0.999999999999543	-4.47381597414241
BCL9	-0.218940338379992	2.06526811347704	-2.28447497735806	0.0290177914659651	0.999999999999543	-4.47440418406436
COL11A1	-1.33301895973633	3.34185039114409	-2.28328550124111	0.029095633305405	0.999999999999543	-4.47679141684245
VMAC	-0.254203868625216	1.99616945972425	-2.28291958064273	0.0291196177210623	0.999999999999543	-4.47752562525521
NTN5	-0.022981763801065	1.02867807580989	-2.28265925617672	0.0291366916322974	0.999999999999543	-4.4780479066674
PAX8	-0.315656688692209	1.36476021486549	-2.28250136326914	0.0291470517523927	0.999999999999543	-4.47836466171236
TRIM47	-0.446009515163585	4.19928977390015	-2.28150179767281	0.0292127151095361	0.999999999999543	-4.480369562373
CHD4	-0.306805439552026	5.13913800168155	-2.27880098287008	0.0293908034120372	0.999999999999543	-4.48578361434784
ZBTB4	-0.322698381011266	3.89689069385456	-2.27770774124476	0.0294631678192047	0.999999999999543	-4.48797381081974
ARHGAP22	-0.330771825575416	2.02587367948103	-2.27531133076738	0.0296223535805401	0.999999999999543	-4.49277211746141
AP4E1	-0.306624369100632	3.06108161919866	-2.27498629460438	0.0296440041817111	0.999999999999543	-4.49342265298153
USP25	-0.287754483862991	3.71013728205269	-2.27111214316697	0.0299031591989171	0.999999999999543	-4.50117130676445
TMEM255A	-0.20810569806727	1.3516813594198	-2.27068956378959	0.0299315498778519	0.999999999999543	-4.50201592640491
ORAI3	-0.415901865660327	3.01267681108605	-2.27029541045654	0.0299580526261212	0.999999999999543	-4.50280362778665
ZNF385B	-0.299811333662887	1.19446952698317	-2.2698476219632	0.0299881873959474	0.999999999999543	-4.50369839713664
ABR	-0.336249147153849	4.00790279360058	-2.26845471743769	0.0300820999127092	0.999999999999543	-4.50648087769178
NUTM2A	-0.0507935733388649	1.08051479708902	-2.26790283157694	0.0301193823034132	0.999999999999543	-4.50758298881726
PTPRF	-0.810014271464773	5.10867651697751	-2.2666040152732	0.0302072872414626	0.999999999999543	-4.51017594751942
WDR63	-0.0890747527829669	1.10802986747273	-2.26503743371549	0.0303136216273878	0.999999999999543	-4.51330204230719
UBE2D4	-0.353160047929995	2.34009829043452	-2.26393316335057	0.0303887779379013	0.999999999999543	-4.51550466000504
ZSCAN9	-0.2422588121401	1.91851282078748	-2.26374275122612	0.0304017542486621	0.999999999999543	-4.51588438427662
VSTM2B	-0.0451982702826885	1.00882483835643	-2.26146852577324	0.0305571248720533	0.999999999999543	-4.52041790816796
METTL21B	-0.235354062702531	2.4058483221293	-2.26090908233365	0.0305954541520263	0.999999999999543	-4.52153261686089
HKR1	-0.361232895527639	2.22136342128794	-2.25960691956065	0.0306848369104492	0.999999999999543	-4.52412644268251
LOC101928259	-0.0121789461317794	1.00214922578796	-2.25891094864709	0.0307327057423631	0.999999999999543	-4.52551232819082
SP1	-0.245001362540627	4.56670072717228	-2.25822474021877	0.0307799687919944	0.999999999999543	-4.52687847040723
KIF16B	-0.311018446049468	3.17679415011175	-2.25820958926035	0.0307810130605064	0.999999999999543	-4.52690863038636
WFDC10B	-0.02122155503037	1.00978023656431	-2.25748430422164	0.0308310400391726	0.999999999999543	-4.52835223404207
NAA11	-0.208293969973703	1.04152965405094	-2.25622106714177	0.0309183470155373	0.999999999999543	-4.53086577096282
COL6A4P1	-0.0329535720813925	1.04595885611337	-2.25201530872709	0.031210625243597	0.999999999999543	-4.53922684934394
CHRNA7	-0.113659860034653	1.13097250529418	-2.25069856604097	0.0313026406113047	0.999999999999543	-4.54184221256819
ZNF768	-0.258045810654461	3.30961151667649	-2.24909477925693	0.0314150438601088	0.999999999999543	-4.54502621062444
TSC2	-0.255212531731854	3.34396226972896	-2.24762665372402	0.0315182566341923	0.999999999999543	-4.54793943251503
PPIL6	-0.0859148197180721	1.11029465710586	-2.24723648877979	0.0315457373148665	0.999999999999543	-4.54871340935806
FAM127C	-0.485099227117522	2.39655165646715	-2.24656644290777	0.0315929811670035	0.999999999999543	-4.55004236251358
OR8D2	-0.0108151763494009	1.00190856053225	-2.24513696551508	0.0316939836006223	0.999999999999543	-4.55287658958419
RASSF7	-0.563051277165425	3.90824404514676	-2.244176313797	0.0317620229597285	0.999999999999543	-4.55478053696052
OR8D1	-0.0106901615692891	1.00188649910046	-2.24361978453922	0.0318014997668184	0.999999999999543	-4.55588326907487
PPFIBP1	-0.487345815268276	4.4067125677164	-2.24265264503412	0.0318702075034943	0.999999999999543	-4.55779912863078
RPN2	-0.391343068361896	6.86893825199906	-2.24256920136138	0.0318761417632428	0.999999999999543	-4.55796439855202
DUSP10	-0.559688880051346	3.84992125534693	-2.24199103192897	0.0319172866474144	0.999999999999543	-4.55910940736853
PLAG1	-0.423487624672818	1.55496170566115	-2.241476772412	0.0319539234685411	0.999999999999543	-4.56012766787573
IFT52	-0.313691672640022	3.29530728127705	-2.24110934290484	0.0319801229418242	0.999999999999543	-4.56085509302292
BSDC1	-0.300318316623335	4.70515558934915	-2.23937480675241	0.032104063981728	0.999999999999543	-4.56428789747906
STK31	-0.171396572126338	1.16785446937372	-2.23810576827547	0.0321950156494821	0.999999999999543	-4.56679821128593
KANK4	-0.757631412124254	1.75185658112571	-2.23703911558262	0.0322716410257537	0.999999999999543	-4.5689073777612
LOC100129550	-0.479106999087809	2.1830189537081	-2.23459640119393	0.0324477351950083	0.999999999999543	-4.57373476040508
ZNF263	-0.202431829630505	3.17861180150163	-2.23441553943784	0.0324608076224368	0.999999999999543	-4.57409203291115
VGLL4	-0.267348287654948	4.32070255021071	-2.23314343849379	0.0325528866984946	0.999999999999543	-4.57660433135926
RUNX2	-0.49794366602596	2.75456237836392	-2.23273068512389	0.0325828134811744	0.999999999999543	-4.57741926182462
GINM1	-0.255992238312085	5.08214739113436	-2.23191678607481	0.0326418976868002	0.999999999999543	-4.5790258821186
HECA	-0.340228555425401	4.68137418986854	-2.23132614385189	0.0326848348843179	0.999999999999543	-4.580191529746
LOC102723562	-0.0097938079987927	1.00172831905861	-2.23110277167795	0.032701086284191	0.999999999999543	-4.58063230168303
HOXC11	-0.300190607497178	1.38776715923184	-2.2304236048604	0.0327505434231501	0.999999999999543	-4.58197227784892
SLC7A9	-0.0219297689599827	1.02674192540259	-2.22781916536549	0.0329408213870297	0.999999999999543	-4.58710799313684
RMND1	-0.344218197922312	3.04991835108396	-2.22644949699638	0.0330412849380198	0.999999999999543	-4.58980709081873
FAM46D	-0.0231008489991804	1.00465153781662	-2.22596081336901	0.0330771956744971	0.999999999999543	-4.5907698069668
UPF1	-0.302543323969532	4.21668926182645	-2.2246963585523	0.0331702759636249	0.999999999999543	-4.59326008878607
HSPG2	-0.619566489831135	4.46401946307038	-2.22380620707914	0.0332359432871166	0.999999999999543	-4.59501257664636
ZNF716	-0.0539490470813766	1.01179312855168	-2.22373005586373	0.033241566436747	0.999999999999543	-4.59516247566931
OR52E8	-0.00935500809504708	1.00165088378148	-2.22372213429734	0.0332421514290924	0.999999999999543	-4.59517806857356
FHOD3	-0.360764768834717	2.23359665092489	-2.22367142723002	0.0332458962662399	0.999999999999543	-4.59527787999568
ADCK4	-0.276709748540755	2.81908799119495	-2.22357857853765	0.0332527543414632	0.999999999999543	-4.59546063836195
LRRC8C	-0.581296541895945	3.63404114060516	-2.22296996040486	0.0332977400269279	0.999999999999543	-4.5966584710174
TYW5	-0.200143620058209	1.93070776930181	-2.22115962940608	0.0334318719497661	0.999999999999543	-4.60021999593726
STXBP3	-0.229168723894793	4.16911577524134	-2.22084354643092	0.0334553408611726	0.999999999999543	-4.60084161837486
VTA1	-0.304738749637205	4.51852016832706	-2.21993041713284	0.0335232228573529	0.999999999999543	-4.60263705336322
LRRC38	-0.335540525927919	1.10752814302166	-2.21976980701293	0.0335351753489961	0.999999999999543	-4.60295279602449
XPR1	-0.451283172301923	4.0276139831446	-2.2193116181676	0.033569294405071	0.999999999999543	-4.60385345514767
PRSS50	-0.0103128723866117	1.00722602801142	-2.21929729715966	0.0335703613202288	0.999999999999543	-4.6038816036701
MAGEA4	-1.75401015655044	2.49014780448796	-2.21923671103419	0.0335748753226673	0.999999999999543	-4.60400068668419
CORIN	-0.302279689972419	1.36113171534816	-2.21812234255495	0.0336579989031417	0.999999999999543	-4.60619057048488
TEAD2	-0.528911409792208	3.29688672381055	-2.21806036905547	0.0336626270657376	0.999999999999543	-4.60631233304057
ZBTB33	-0.291301231191226	3.76314401794087	-2.2171515937521	0.0337305595763494	0.999999999999543	-4.60809756426114
TGIF2LX	-0.0628809521273037	1.01322304376755	-2.21676961819233	0.0337591495037716	0.999999999999543	-4.60884777058247
DAO	-0.00749278711259427	1.00349691748708	-2.21535014902384	0.0338655833730887	0.999999999999543	-4.61163479960047
BHLHA9	-0.00889236257997861	1.00156924045529	-2.21482536137941	0.0339050086693777	0.999999999999543	-4.61266485159821
IFT81	-0.267696090832479	2.28254794255021	-2.21407695431739	0.0339613046774148	0.999999999999543	-4.61413351306724
CLASP1	-0.264474826040431	3.57822858341395	-2.21406442882377	0.0339622475699655	0.999999999999543	-4.61415808978245
ZNF845	-0.313951392705656	2.61506521890145	-2.21376713899114	0.0339846337923375	0.999999999999543	-4.61474138271024
LOXL1-AS1	-0.161508443114157	1.41810648420074	-2.21289467345139	0.0340504075538615	0.999999999999543	-4.61645285784395
CCDC74A	-0.106574434049825	1.28725573796204	-2.20928545070688	0.034323712406621	0.999999999999543	-4.62352763057543
LINC01361	-0.0411135683226567	1.02422206422005	-2.20916057564575	0.0343332034583174	0.999999999999543	-4.62377225771133
PRKCA	-0.389333850366659	2.28095069663122	-2.20585181107385	0.0345855403702566	0.999999999999543	-4.63025033650844
LOC100129203	-0.0849779326014783	1.13466758965094	-2.2045470500056	0.0346855004850197	0.999999999999543	-4.63280290229837
GPM6A	-0.121636458445059	1.1038074539471	-2.20400391663057	0.0347271869775136	0.999999999999543	-4.63386513175007
HTR7	-0.815445385398626	3.13139300437229	-2.20371134125177	0.0347496612306044	0.999999999999543	-4.63443725413899
SNX29	-0.320244309905632	3.30288557920155	-2.20345394630099	0.0347694438366417	0.999999999999543	-4.6349405359639
IL22RA2	-0.28336930178869	1.3128678992673	-2.20127375320823	0.0349374110064488	0.999999999999543	-4.63920170767296
SMO	-0.603974494979648	2.3583919784784	-2.2008159398031	0.0349727739876231	0.999999999999543	-4.64009610545105
LOC101928469	-0.0183339934376925	1.01264783982663	-2.19981588414114	0.0350501327490687	0.999999999999543	-4.64204936635378
PTPRK	-0.671518006465983	4.74302364831549	-2.19954448379607	0.0350711531293111	0.999999999999543	-4.64257933952402
MYO16-AS1	-0.00818130133282224	1.00144375905873	-2.19838191133024	0.0351613236711547	0.999999999999543	-4.64484899026912
AGL	-0.407811004446204	3.37163268780419	-2.1958387195278	0.0353592990317897	0.999999999999543	-4.64981088822606
TMEM128	-0.263415339964638	3.21200276656626	-2.1937635463389	0.0355215782052957	0.999999999999543	-4.65385651409025
LINC00457	-0.00800791081532037	1.00141316073212	-2.1937604059333	0.0355218242890209	0.999999999999543	-4.65386263428335
C11orf63	-0.343477634432354	1.77521846607555	-2.19367734584209	0.0355283334710586	0.999999999999543	-4.65402450395235
ATL3	-0.522465099841338	5.55092296283527	-2.19107193169536	0.0357330536439477	0.999999999999543	-4.65909970234874
FLJ45974	-0.059665319771812	1.01326472120818	-2.19091934105923	0.0357450760118368	0.999999999999543	-4.65939680194631
TMCC2	-0.367314571605773	1.80340293694121	-2.19040102640551	0.0357859401424407	0.999999999999543	-4.66040586539474
POT1	-0.299007820703941	3.00028060992413	-2.18818490146434	0.0359611308995058	0.999999999999543	-4.66471826103689
GPR111	-0.201563538098819	1.24499548640635	-2.1879268835969	0.0359815775752559	0.999999999999543	-4.66522013244467
FAM120B	-0.298494748905581	3.09398230438499	-2.18788034542517	0.0359852666056464	0.999999999999543	-4.66531064933244
ZFP69B	-0.194416189982552	1.64489696117334	-2.1878634328453	0.0359866073311064	0.999999999999543	-4.66534354399938
KIAA1210	-0.00894100488885896	1.00725274027242	-2.18648652033349	0.0360959101270778	0.999999999999543	-4.66802098264812
GGPS1	-0.247920935859272	3.55592239548975	-2.18507138537425	0.0362085556362422	0.999999999999543	-4.67077144475888
KIAA0895	-0.45316189659866	1.94432574553745	-2.18439141456642	0.0362627931290643	0.999999999999543	-4.67209256951339
MMP11	-1.5619379384527	4.20666841993865	-2.18348686395147	0.0363350564136916	0.999999999999543	-4.67384956116345
TBC1D32	-0.312826605110406	2.12564707072811	-2.18174932623933	0.0364742262393422	0.999999999999543	-4.67722302652767
ATXN1	-0.377334113977901	3.43947359357342	-2.18151607983263	0.0364929444844336	0.999999999999543	-4.67767572763261
LINC00581	-0.00754874541402861	1.00133213154365	-2.18011845166087	0.0366052850000188	0.999999999999543	-4.68038759101159
CST4	-0.32477720608397	1.09170056695176	-2.17995214216124	0.0366186733641916	0.999999999999543	-4.68071020089565
ETNK2	-0.517414042343837	2.09686931947296	-2.17962071490785	0.0366453671728528	0.999999999999543	-4.68135305443609
CECR7	-0.140934638912226	1.20307994537308	-2.1796114557913	0.036646113169494	0.999999999999543	-4.68137101285873
CNN3	-0.631498635548952	5.93356948560561	-2.17945655845802	0.0366585950818383	0.999999999999543	-4.68167143396546
LOC101927587	-0.0252247166550652	1.02543327669119	-2.1792689999304	0.0366737139662023	0.999999999999543	-4.6820351797714
BLACAT1	-0.273896941592111	1.50278680751841	-2.1790938295089	0.0366878392787616	0.999999999999543	-4.68237487944645
ROS1	-0.45185680607274	1.2174700525612	-2.17897556710038	0.0366973784111225	0.999999999999543	-4.68260420865614
TMEM43	-0.280080683137495	5.10017226162967	-2.17855670531779	0.0367311818939114	0.999999999999543	-4.68341637251687
MKNK1	-0.229343923702386	3.70188147906237	-2.17831993282713	0.0367503024664223	0.999999999999543	-4.68387541793772
MEX3A	-0.203385973127109	1.37582696667579	-2.17759573304996	0.0368088403288137	0.999999999999543	-4.68527923877212
MFSD10	-0.481150623353878	4.89836292976825	-2.17732791105737	0.0368305097154144	0.999999999999543	-4.68579830896583
LSM14A	-0.268990989530002	4.47401232334411	-2.17627419231313	0.0369158761460161	0.999999999999543	-4.68784007830049
COMMD7	-0.479585179641675	3.65542559461725	-2.17622914869902	0.0369195292558323	0.999999999999543	-4.68792734203325
PIGT	-0.373439544522425	5.19066369783375	-2.17516144181045	0.0370062163830322	0.999999999999543	-4.68999543525898
SOWAHA	-0.0353921395336203	1.03906272102923	-2.17469348406034	0.0370442670069355	0.999999999999543	-4.69090160763961
LEPREL4	-0.405678647701579	2.92942995535765	-2.17177535078071	0.0372823339765453	0.999999999999543	-4.6965491295188
CLDN1	-1.79889453001273	5.49077702260976	-2.1687956069913	0.0375268325788577	0.999999999999543	-4.70231006692278
LOC650226	-0.0848316907692919	1.02089037487136	-2.16737171482609	0.037644171390008	0.999999999999543	-4.70506089389558
ZNF767P	-0.219169905421143	1.73375885068838	-2.16630675047536	0.0377321454151542	0.999999999999543	-4.70711742644332
CCDC166	-0.0119235590461999	1.00410345487151	-2.166296900475	0.037732959952455	0.999999999999543	-4.70713644407958
COL10A1	-1.06146709213834	3.10726843247374	-2.16612760583577	0.0377469620737207	0.999999999999543	-4.70746329530763
LOC101928401	-0.00711931835253621	1.00125635029751	-2.16519476172371	0.037824199292719	0.999999999999543	-4.70926396344411
CATSPER3	-0.0494731444680856	1.09623749761593	-2.1649371204765	0.0378455561380821	0.999999999999543	-4.70976118626902
CD46	-0.312157933584682	5.6054882335184	-2.16060552425383	0.0382062289681889	0.999999999999543	-4.71811414524442
APOH	-0.00579534807711468	1.00257385636139	-2.15904958357155	0.0383365299237441	0.999999999999543	-4.72111154224415
KHDRBS3	-0.590806474015175	1.85756910378722	-2.15883492081134	0.0383545376752014	0.999999999999543	-4.72152494662738
ANKEF1	-0.401590998254548	2.8349796564888	-2.1587555823321	0.0383611951707656	0.999999999999543	-4.72167773143387
MMP28	-1.01404723960926	4.47017618818916	-2.1586581500333	0.0383693723715118	0.999999999999543	-4.72186535439015
KDM3A	-0.52149002636098	3.6392082990129	-2.15768106296585	0.0384514621391736	0.999999999999543	-4.72374655710644
ZNF146	-0.31775075394703	4.56032369557868	-2.1561592076967	0.0385796316413253	0.999999999999543	-4.72667534485633
TTC7A	-0.229382158999561	2.92264604961159	-2.15606022856679	0.0385879807326768	0.999999999999543	-4.72686577526308
C2CD4A	-0.306899284826116	1.41086344394464	-2.15433452846097	0.0387338054952445	0.999999999999543	-4.73018487784672
TMBIM6	-0.290676045431868	8.21335565592344	-2.15302791549332	0.038844542368315	0.999999999999543	-4.73269661350798
ITFG1	-0.276406507300195	4.85512700050569	-2.15035538231508	0.0390719193938687	0.999999999999543	-4.73783054386514
C8orf34	-0.110040545334424	1.07440660256556	-2.14920482918286	0.0391701712597883	0.999999999999543	-4.74003928504107
HDGFL1	-0.0628903933870204	1.03133690089799	-2.14888326804048	0.0391976703076985	0.999999999999543	-4.74065643460423
LRRC15	-0.876198875520952	3.02140379610855	-2.14753472555944	0.0393131809649221	0.999999999999543	-4.74324384406285
CHID1	-0.36974785501118	3.55941843089426	-2.1474437071614	0.0393209881145406	0.999999999999543	-4.74341843462694
FAM69A	-0.406897545922371	3.38634945636945	-2.14699159270667	0.039359788881832	0.999999999999543	-4.74428559385547
MMP13	-2.08520547515972	5.18253237278623	-2.14563353265225	0.0394765431334389	0.999999999999543	-4.74688954190818
UGGT1	-0.288187923629414	4.00847910929962	-2.14400254185297	0.039617168135286	0.999999999999543	-4.75001517675999
ZC4H2	-0.31494937223066	1.7437525958724	-2.14340405541361	0.0396688814708865	0.999999999999543	-4.75116167096263
P4HA2	-0.650503587724734	5.07187561830105	-2.14315221995159	0.0396906596972797	0.999999999999543	-4.75164402938893
DRP2	-0.0605954373969675	1.06981438025593	-2.14269662568853	0.039730085557724	0.999999999999543	-4.75251655362806
SPIN3	-0.271790186259826	1.48849336882695	-2.14232033689172	0.0397626747634475	0.999999999999543	-4.753237092378
FAXDC2	-0.29379108521159	1.75219902404513	-2.14177277108072	0.0398101401436768	0.999999999999543	-4.75428543239981
MCHR2-AS1	-0.00655770889761187	1.00115724274664	-2.14171445561399	0.0398151981445267	0.999999999999543	-4.75439706821295
MORN4	-0.222870876645683	1.41150564783948	-2.14166761482856	0.0398192613003873	0.999999999999543	-4.75448673589804
LOC101927847	-0.00654554162558463	1.00115509558099	-2.14114747734474	0.039864404841989	0.999999999999543	-4.75548234034713
FAM225B	-0.0161305396928473	1.01979297710399	-2.13974023223357	0.0399867696957808	0.999999999999543	-4.75817506407409
JAG1	-0.769811144867883	6.24905797773487	-2.13919560271543	0.0400342165488219	0.999999999999543	-4.75921684076278
SLC30A6	-0.214945701914402	3.6692906229978	-2.13875322932311	0.0400727918617995	0.999999999999543	-4.7600628737117
SNORA70B	-0.715923836856592	1.38750951265307	-2.13762393280715	0.0401714170774255	0.999999999999543	-4.7622220420076
SPOCK1	-0.759202812377376	2.15899925265407	-2.13691913782585	0.0402330782916786	0.999999999999543	-4.76356914702655
PEA15	-0.399443681041229	5.50698630797796	-2.13470860369116	0.0404270190553214	0.999999999999543	-4.76779207199131
BFAR	-0.278709639691542	3.89832492297347	-2.13418525574533	0.0404730561448488	0.999999999999543	-4.76879137639893
CD81-AS1	-0.0225712661908497	1.02246027102423	-2.13402346210663	0.0404872979751505	0.999999999999543	-4.76910027528579
KIF3B	-0.34677125649621	3.38623686171309	-2.13367369097352	0.0405181016572421	0.999999999999543	-4.76976800353058
MATN1-AS1	-0.0447126554870954	1.0818821892127	-2.13308693537617	0.0405698228094527	0.999999999999543	-4.77088796064242
SH3TC1	-0.506353473543189	3.53264962048237	-2.132018443941	0.0406641583167493	0.999999999999543	-4.77292682591392
FAM115A	-0.379500184190247	3.5417244705782	-2.12991625470487	0.0408503255811866	0.999999999999543	-4.7769359217137
SLC30A7	-0.355705492699872	4.09901082211765	-2.12896067139712	0.040935200445008	0.999999999999543	-4.77875733591362
TBC1D2B	-0.304965792926618	3.92092510590121	-2.12761316122873	0.041055151943387	0.999999999999543	-4.78132474712992
ZNF487	-0.168313850107467	1.59922584375848	-2.12737391344871	0.041076481642176	0.999999999999543	-4.78178045803568
PNCK	-0.145817478361569	1.090906777723	-2.12632108716155	0.0411704612311381	0.999999999999543	-4.78378538669
DGKI	-0.0917675491395882	1.17578554359252	-2.12626494750539	0.0411754778354541	0.999999999999543	-4.78389227413318
NPRL3	-0.246702495512414	2.61259573306508	-2.12606866123031	0.0411930221129596	0.999999999999543	-4.78426597788707
ZBTB45	-0.232471382677783	2.51067271729689	-2.12563805670023	0.0412315332221134	0.999999999999543	-4.78508570235969
BAI2	-0.195403930913793	1.36109681878497	-2.12404020686066	0.0413747159614549	0.999999999999543	-4.7881263714557
RASL10B	-0.147901996086518	1.22608902705233	-2.12402509848321	0.0413760719180609	0.999999999999543	-4.7881551141064
PIWIL1	-0.0859874449618923	1.03610522347838	-2.12397534922857	0.0413805371252684	0.999999999999543	-4.78824975755854
FAR2P1	-0.0180455097952998	1.00842802465038	-2.12312721570613	0.0414567264421164	0.999999999999543	-4.78986299778543
ZNF251	-0.363472983996273	2.27900551081164	-2.12311543222189	0.0414577858480627	0.999999999999543	-4.78988540780653
PARVA	-0.442222067126149	3.39776409200702	-2.12238724137046	0.0415233011426858	0.999999999999543	-4.79127011104879
ARNTL	-0.306115187978518	2.93217094857035	-2.12075636070516	0.0416703642983664	0.999999999999543	-4.79437003966236
ZNF697	-0.381605460418077	2.32907562082506	-2.12017459020774	0.0417229364690307	0.999999999999543	-4.79547541655487
DOK7	-0.242548450616867	1.28643160174802	-2.11984753659825	0.0417525167306615	0.999999999999543	-4.79609672524648
VPS45	-0.229152505961895	3.6831464564974	-2.11984468037238	0.0417527751429253	0.999999999999543	-4.79610215094351
EFCAB7	-0.247846133087581	2.06417022439522	-2.11886367945749	0.0418416134112784	0.999999999999543	-4.79796533759244
TOE1	-0.21786557036942	2.39903638995218	-2.11678429524924	0.0420304736904204	0.999999999999543	-4.80191249987562
LOC101928530	-0.00606649275995563	1.00107055754587	-2.11648363409883	0.0420578436448701	0.999999999999543	-4.80248298365234
LOC283352	-0.0492139759166019	1.01609718315295	-2.11568736524762	0.0421304062990791	0.999999999999543	-4.80399355321031
LSM1	-0.488248896919122	4.70890098569211	-2.1155799658312	0.0421402019081276	0.999999999999543	-4.80419726346384
RET	-0.720280005885231	1.58939004665898	-2.11443429968591	0.042244820560139	0.999999999999543	-4.80636982402782
BAHD1	-0.184626035001387	2.60634932520468	-2.1125260728258	0.0424195843764051	0.999999999999543	-4.80998647707706
ANAPC1	-0.194338080320397	3.66789852542991	-2.112401679029	0.0424309990942591	0.999999999999543	-4.8102221543525
SLC6A10P	-0.0741080633732565	1.03219948892324	-2.11232013716632	0.0424384830755493	0.999999999999543	-4.81037663839021
IFT122	-0.231341528695804	2.31151968006597	-2.11161408813791	0.0425033337245627	0.999999999999543	-4.81171408555993
HERC2P9	-0.176804702330914	1.41879561082734	-2.11112443828933	0.0425483595829865	0.999999999999543	-4.81264141584893
SIRT3	-0.284786358823682	2.55262393396206	-2.11093873372582	0.0425654471238972	0.999999999999543	-4.81299307253219
NDN	-0.551061102923858	2.61549973224111	-2.11052297489466	0.0426037250477877	0.999999999999543	-4.81378028324472
BCLAF1	-0.269760027442902	4.77523030956036	-2.10998208982173	0.0426535686361319	0.999999999999543	-4.81480423636037
NAALADL2	-0.166583431910844	1.24777115084507	-2.10872001566808	0.0427700718862916	0.999999999999543	-4.81719270522682
TUBA3C	-0.0105083246399484	1.00231883463869	-2.10743745134975	0.0428887549463695	0.999999999999543	-4.81961884381165
TEX13B	-0.0219338508933213	1.02167127806097	-2.10735387336589	0.0428964989998091	0.999999999999543	-4.81977690375737
PRPS1	-0.324063582711064	4.18717001235358	-2.1071289871686	0.0429173423367392	0.999999999999543	-4.82020217760881
LAMB2P1	-0.0693140094689253	1.12224816651316	-2.1058469132247	0.0430363411985515	0.999999999999543	-4.8226260032541
CNBD1	-0.010816309329867	1.00240630357238	-2.10373660442544	0.0432328503077129	0.999999999999543	-4.82661321582421
TTC23L	-0.0188798751853048	1.01360942808435	-2.10240803557069	0.0433569714591357	0.999999999999543	-4.82912185711769
OR4C3	-0.00582179283253215	1.00102737520574	-2.10188291862871	0.0434061171615341	0.999999999999543	-4.83011306660549
SLC39A13	-0.450787505795995	3.78858600517713	-2.10102334618571	0.0434866708531345	0.999999999999543	-4.83173518840891
IPO13	-0.344738286295454	3.82679749404062	-2.1005779639449	0.0435284612122571	0.999999999999543	-4.83257548311443
DNASE2B	-0.0927445644438383	1.06642753972284	-2.10042659988068	0.0435426718313368	0.999999999999543	-4.83286102823163
OR5H6	-0.00579414390166333	1.00102249598265	-2.10013628478429	0.0435699391638693	0.999999999999543	-4.8334086578785
PRPF40B	-0.338125866562665	2.11980868034617	-2.09915277434401	0.0436624258498897	0.999999999999543	-4.83526345498019
MAP3K2	-0.289530949047463	3.98837850956985	-2.09804483296809	0.0437668214762841	0.999999999999543	-4.83735212627147
SHANK1	-0.0471426508807624	1.07120376068658	-2.0974656876634	0.0438214791004469	0.999999999999543	-4.83844358766401
OR51A2	-0.00571357303006326	1.00100827759354	-2.09492704046777	0.0440617796470351	0.999999999999543	-4.84322524144164
PCDHB5	-0.171416089741012	1.22938113308381	-2.09482392952075	0.0440715643660236	0.999999999999543	-4.84341936252897
BRF2	-0.385391636109508	2.95473505101633	-2.09462644685062	0.0440903098535184	0.999999999999543	-4.84379113160877
VPS13D	-0.303430520833829	3.70282460675359	-2.09383721879862	0.0441652954451349	0.999999999999543	-4.84527661941754
NMNAT2	-0.216755463527561	1.39925543368873	-2.08959957305281	0.044569848912142	0.999999999999543	-4.8532454558684
PPP1R8	-0.144566265479715	4.38825179327289	-2.08958599843895	0.0445711500736402	0.999999999999543	-4.8532709630275
C3orf55	-0.148611960511994	1.1632009235216	-2.08859091697613	0.0446666225574373	0.999999999999543	-4.85514041155408
OR8B8	-0.00561511173697737	1.00099090207123	-2.08831043208604	0.0446935661029855	0.999999999999543	-4.85566723304136
GZF1	-0.20353732644496	2.70938216157711	-2.08808920313021	0.0447148276075899	0.999999999999543	-4.85608271894301
ENC1	-0.460694561861434	3.20256194434499	-2.08806128772986	0.0447175110887274	0.999999999999543	-4.85613514394699
MTOR	-0.239393693609843	3.786039371263	-2.08599308387383	0.0449167213960901	0.999999999999543	-4.86001773847284
SYT1	-0.330260586074074	1.36893114474324	-2.0859567637985	0.0449202267482759	0.999999999999543	-4.86008589520252
OR2T33	-0.00557313160012751	1.00098349381179	-2.08540209381744	0.0449737895044696	0.999999999999543	-4.86112665337129
LOC101927592	-0.0264096812089021	1.01093484804806	-2.08518080793814	0.0449951741165196	0.999999999999543	-4.86154180558425
PCDHB4	-0.144136870489544	1.1924724400103	-2.08503553724738	0.0450092176552748	0.999999999999543	-4.86181432822827
TBC1D21	-0.00556662367037908	1.0009823453536	-2.08494643411656	0.0450178333040639	0.999999999999543	-4.86198147537646
HN1L	-0.492752584869891	5.32237609264122	-2.08289442924768	0.0452166508533642	0.999999999999543	-4.86582929340474
PCDHB6	-0.0835560115639467	1.05653708446389	-2.0828431312857	0.0452216309917687	0.999999999999543	-4.86592544782835
TMEM215	-0.0113851421644309	1.00772034493056	-2.08232833039564	0.0452716359894573	0.999999999999543	-4.86689030599787
AFAP1	-0.446513226607266	2.9983612705859	-2.08160143337792	0.0453423259249327	0.999999999999543	-4.86825237280378
LTBP2	-0.487758130997756	3.87388419370708	-2.08100678834181	0.045400226883203	0.999999999999543	-4.86936635502371
PHRF1	-0.339631756071669	3.33091631002136	-2.07966197627894	0.0455314126342816	0.999999999999543	-4.87188477279406
CHRM3	-0.507973704933838	1.37696386487044	-2.07830132847063	0.0456644832485575	0.999999999999543	-4.87443158256317
FRG1B	-0.366988967763123	2.49793668861048	-2.07824575508918	0.0456699255764519	0.999999999999543	-4.87453557572131
ITFG3	-0.296083478988616	3.92021099648583	-2.07731712207933	0.0457609517104673	0.999999999999543	-4.87627299087702
ADORA3	-0.336457228117754	2.14874779779878	-2.07525826934298	0.0459633344500665	0.999999999999543	-4.8801228642542
NPFFR2	-0.148867477571125	1.04045599701253	-2.075234510543	0.0459656745087486	0.999999999999543	-4.88016727411199
TMEM8A	-0.283347544949338	3.70120906747794	-2.07523443932382	0.0459656815234473	0.999999999999543	-4.88016740723403
TMEM53	-0.260678422857661	1.98329851664134	-2.07410348977799	0.0460771928850613	0.999999999999543	-4.88228092469793
LOC102467074	-0.00539117211792872	1.00095138331493	-2.07215610621118	0.0462697632138349	0.999999999999543	-4.88591813124991
NOMO2	-0.29890051254733	2.67264535620995	-2.07198465245498	0.0462867516266109	0.999999999999543	-4.88623823730796
ZC3H7A	-0.210345409798381	3.38540941263203	-2.07192541695859	0.0462926222244229	0.999999999999543	-4.88634882593081
LOC101927437	-0.0053864697121353	1.00095055347861	-2.07179940741061	0.0463051127188288	0.999999999999543	-4.88658406910851
STARD13-AS	-0.00538468277382043	1.00095023813656	-2.07166366334517	0.0463185714537891	0.999999999999543	-4.8868374731127
TPP2	-0.24348939185316	3.8617851330546	-2.06825939097264	0.0466572266570554	0.999999999999543	-4.89318834264718
MPP3	-0.174894389924912	1.57962066626078	-2.06622138922853	0.0468610078565034	0.999999999999543	-4.89698653170837
NREP	-0.637353905102577	5.26975184464397	-2.0647324656479	0.0470103813626846	0.999999999999543	-4.89975960175315
GBP3	-0.755178539864394	4.23095461962471	-2.06444720289654	0.0470390476204992	0.999999999999543	-4.90029071936103
ZNF12	-0.28108081199364	3.19716108156541	-2.06415980241869	0.0470679442602335	0.999999999999543	-4.90082576028949
VEZT	-0.334636306048609	4.42874303072233	-2.06362958395578	0.0471212960081338	0.999999999999543	-4.90181269519478
PTPRG-AS1	-0.0205884500856257	1.01439656028026	-2.06183761653405	0.0473020018670911	0.999999999999543	-4.90514677977265
APP	-0.611153255232095	7.46528985900262	-2.06144678410374	0.0473414951686879	0.999999999999543	-4.90587365695624
ZSWIM2	-0.0769728139287995	1.02080722491356	-2.06122413162576	0.0473640069933174	0.999999999999543	-4.90628770283522
UBAP2L	-0.332517587149916	4.7194984027435	-2.06103678466633	0.0473829564642358	0.999999999999543	-4.90663606781336
TMEM202	-0.00949364969726796	1.00349391865467	-2.06101847949116	0.0473848083245579	0.999999999999543	-4.9066701043315
LINC00094	-0.220263536326917	1.91567771949709	-2.06083579095881	0.0474032936721778	0.999999999999543	-4.90700978145329
SLC9A8	-0.353071252472348	2.34177146964147	-2.0605059325474	0.0474366864834661	0.999999999999543	-4.90762303657984
ZNF534	-0.0414296414347111	1.01485359801517	-2.05968188505462	0.0475201983761313	0.999999999999543	-4.90915473288325
LOXL1	-0.66754123895518	3.3159443682075	-2.05955506650199	0.0475330620964402	0.999999999999543	-4.90939041486657
CNTN4	-0.146878227401196	1.17686233178942	-2.0575580074303	0.0477360362512653	0.999999999999543	-4.91310031980347
PCDH9	-0.156873215564681	1.15145561481619	-2.05637654194863	0.0478564748982617	0.999999999999543	-4.91529380991759
LINC00882	-0.109853500504291	1.11124748917661	-2.0553548011462	0.0479608466142174	0.999999999999543	-4.91718997829838
MOGAT2	-0.0622263731259485	1.04496335959771	-2.05359655140854	0.0481409220185747	0.999999999999543	-4.92045128244751
DCAF4L2	-0.021215492043035	1.00654605299654	-2.0532645518645	0.0481749911969072	0.999999999999543	-4.92106685407372
GPR157	-0.591375940436821	3.79564774492525	-2.05239781100166	0.048264034461336	0.999999999999543	-4.92267354754136
F2	-0.00727082129850398	1.00688739814338	-2.05225304513982	0.0482789208473711	0.999999999999543	-4.92294185190772
FMN1	-0.32405408438723	1.92844349375736	-2.0514386997948	0.0483627358455862	0.999999999999543	-4.92445086235755
LINC00112	-0.0109052695992335	1.00366743240859	-2.05056726581589	0.0484525682203772	0.999999999999543	-4.92606515044948
ITGBL1	-0.779896135423112	2.19722124762504	-2.05043316303878	0.048466405310488	0.999999999999543	-4.92631352238542
SNX14	-0.255468838216315	4.29284737847211	-2.05006401474122	0.0485045129775938	0.999999999999543	-4.92699715798087
RLF	-0.335630646226964	3.42421530463853	-2.04938992369255	0.0485741682369681	0.999999999999543	-4.928245281126
MEAF6	-0.195806785368126	3.60772541525759	-2.04736332266548	0.0487841108705154	0.999999999999543	-4.93199576354893
GORAB	-0.201996655882156	2.50181326927236	-2.04728096163095	0.0487926597678758	0.999999999999543	-4.93214812276669
OR52E4	-0.00508256989804812	1.00089692409966	-2.04706225021117	0.048815367928866	0.999999999999543	-4.93255269292286
MPPED2	-0.168011259324971	1.16902423041182	-2.04676144239475	0.0488466150822291	0.999999999999543	-4.93310906985805
SYNGR2	-0.379017783160177	6.23698281448948	-2.04544788627158	0.0489832699412905	0.999999999999543	-4.93553789850916
TIPRL	-0.24496861643226	4.52172613418744	-2.04274909192389	0.0492650911327699	0.999999999999543	-4.94052433415044
OR8B12	-0.00502407269777705	1.00088660106431	-2.04189230083186	0.0493548586752302	0.999999999999543	-4.94210632689261
TRIM27	-0.206376860032406	4.29705505758168	-2.04149862944704	0.0493961524628975	0.999999999999543	-4.94283303665676
LOC728392	-0.290086446407024	2.12647763232769	-2.04130743803459	0.0494162182458154	0.999999999999543	-4.94318593337496
NLRP1	-0.310755795657017	3.03349161490306	-2.04127941587274	0.0494191598086853	0.999999999999543	-4.94323765389884
HYOU1	-0.369032020586102	5.2419745781909	-2.03992454404953	0.0495615679199716	0.999999999999543	-4.94573768926174
DNAH14	-0.478062922306945	1.84211395473402	-2.03965301474684	0.0495901511605287	0.999999999999543	-4.94623856648766
EHBP1	-0.385959349066113	3.5728871693489	-2.03807098819861	0.0497569752187208	0.999999999999543	-4.94915583397821
FOXA2	-0.155989692802568	1.11793968099746	-2.03795784572632	0.049768924895709	0.999999999999543	-4.94936440259914
OR1L1	-0.00496441891746691	1.00087607392661	-2.03647312214387	0.0499259692643011	0.999999999999543	-4.95210053827263