k	cluster	item	itemConsensus
347	3	1	TCGA.CQ.6218.01	0.911444565609515
348	3	1	TCGA.BA.5558.01	0.947406838616459
349	3	1	TCGA.CV.6948.01	0.909136241535063
350	3	1	TCGA.CV.7409.01	0.548116588528282
351	3	1	TCGA.CQ.6220.01	0.90599063306774
352	3	1	TCGA.CN.4731.01	0.909807955679739
353	3	1	TCGA.CQ.6223.01	0.911716577146691
354	3	1	TCGA.CV.5436.01	0.909026139970832
355	3	1	TCGA.CQ.5324.01	0.905919046501925
356	3	1	TCGA.CN.4726.01	0.909048416833914
357	3	1	TCGA.CR.7369.01	0.910016291475739
358	3	1	TCGA.CV.7252.01	0.912321751482338
359	3	1	TCGA.CV.A464.01	0.913690387966721
360	3	1	TCGA.CX.7219.01	0.914862497252339
361	3	1	TCGA.HD.7754.01	0.911488788309287
362	3	1	TCGA.CV.7095.01	0.912052239834826
363	3	1	TCGA.P3.A5Q6.01	0.893815420546938
364	3	1	TCGA.CV.7178.01	0.912191710063124
365	3	1	TCGA.BA.A6D8.01	0.0180840542681754
366	3	1	TCGA.BA.6872.01	0.0149328109568856
367	3	1	TCGA.CN.4728.01	0.0158333809000596
368	3	1	TCGA.CN.4740.01	0.0154986390193293
369	3	1	TCGA.CN.5364.01	0.0166255103993699
370	3	1	TCGA.CN.6016.01	0.0238662699890675
371	3	1	TCGA.CN.6018.01	0.0140072893477825
372	3	1	TCGA.CN.6994.01	0.0119982703685103
373	3	1	TCGA.CN.A63V.01	0.504748746816412
374	3	1	TCGA.CQ.5326.01	0.0147765615335883
375	3	1	TCGA.CQ.5332.01	0.893964874331931
376	3	1	TCGA.CQ.6227.01	0.905376482971057
377	3	1	TCGA.CQ.6228.01	0.905377857377199
378	3	1	TCGA.CQ.7069.01	0.0215278698521316
379	3	1	TCGA.CQ.7072.01	0.0167188590437043
380	3	1	TCGA.CQ.A4CI.01	0.911424312866379
381	3	1	TCGA.CR.5247.01	0.0616304763624904
382	3	1	TCGA.CR.6484.01	0.0145306176063538
383	3	1	TCGA.CR.7365.01	0.0146124407228852
384	3	1	TCGA.CR.7367.01	0.0161877200893455
385	3	1	TCGA.CV.6937.01	0.0151190283314255
386	3	1	TCGA.CV.7090.01	0.0160991877092222
387	3	1	TCGA.CV.7097.01	0.0167613243131275
388	3	1	TCGA.CV.7102.01	0.0139472525914037
389	3	1	TCGA.CV.7263.01	0.0143828356834473
390	3	1	TCGA.CV.7413.01	0.0226896016066247
391	3	1	TCGA.CV.7423.01	0.184249571814888
392	3	1	TCGA.CV.7435.01	0.0153491654770181
393	3	1	TCGA.CV.A45X.01	0.0228342878688017
394	3	1	TCGA.DQ.7590.01	0.0153025329921045
395	3	1	TCGA.HD.A633.01	0.107544498619348
396	3	1	TCGA.IQ.7631.01	0.0137861928249355
397	3	1	TCGA.MT.A7BN.01	0.152012948822479
398	3	1	TCGA.P3.A6T0.01	0.877977005240059
399	3	1	TCGA.P3.A6T5.01	0.0224762368952468
400	3	1	TCGA.P3.A6T7.01	0.164654676774123
401	3	1	TCGA.P3.A6T8.01	0.159865039080742
402	3	1	TCGA.QK.A6IH.01	0.0220246537193309
403	3	1	TCGA.QK.A6VB.01	0.904377757558798
404	3	1	TCGA.UF.A71A.01	0.902351546607981
405	3	1	TCGA.UF.A71B.01	0.163267636474792
406	3	1	TCGA.UF.A7JA.01	0.873150531181299
407	3	1	TCGA.UF.A7JC.01	0.133584600337507
408	3	1	TCGA.WA.A7GZ.01	0.013391585585777
409	3	1	TCGA.CQ.A4C7.01	0.838325329871363
410	3	1	TCGA.CN.6020.01	0.910443935539678
411	3	1	TCGA.BB.A5HU.01	0.902748648944646
412	3	1	TCGA.CR.7379.01	0.902791257592621
413	3	1	TCGA.P3.A6SX.01	0.911811305319397
414	3	1	TCGA.QK.A8Z7.01	0.899384023566597
415	3	1	TCGA.UF.A7JD.01	0.910368938636456
416	3	1	TCGA.MT.A67D.01	0.907827796621053
417	3	1	TCGA.CN.5358.01	0.103770267680225
418	3	1	TCGA.BA.A6DD.01	0.061923587763174
419	3	1	TCGA.CN.5359.01	0.839270456701918
420	3	1	TCGA.CR.5248.01	0.0692120334065763
421	3	1	TCGA.CR.6481.01	0.0570542494168653
422	3	1	TCGA.CR.7376.01	0.525653110183079
423	3	1	TCGA.CR.7386.01	0.511806463861877
424	3	1	TCGA.MZ.A5BI.01	0.0649258255556772
425	3	1	TCGA.CR.7373.01	0.629264931290765
426	3	1	TCGA.CN.6013.01	0.105058043220518
427	3	1	TCGA.CN.5369.01	0.0714981633781974
428	3	1	TCGA.CN.A6V1.01	0.0685060458242707
429	3	1	TCGA.CQ.5331.01	0.0735805986231124
430	3	1	TCGA.CR.6478.01	0.0765088719566204
431	3	1	TCGA.CV.6938.01	0.0795467822650756
432	3	1	TCGA.CV.6942.01	0.0788370625416555
433	3	1	TCGA.H7.A76A.01	0.0679054842016411
434	3	1	TCGA.TN.A7HI.01	0.0676226555858304
435	3	1	TCGA.BA.5152.01	0.0963504301306552
436	3	1	TCGA.BA.5149.01	0.836659764333769
437	3	1	TCGA.BA.5153.01	0.0721379367937973
438	3	1	TCGA.BA.5556.01	0.0787262636230363
439	3	1	TCGA.BA.5559.01	0.0751252094837824
440	3	1	TCGA.BA.A6DJ.01	0.90227405947929
441	3	1	TCGA.BB.4223.01	0.0684019122358776
442	3	1	TCGA.BB.7866.01	0.0748138544448599
443	3	1	TCGA.BB.A6UM.01	0.0789305119680382
444	3	1	TCGA.CN.4734.01	0.0775874736344387
445	3	1	TCGA.CN.5365.01	0.865610933889269
446	3	1	TCGA.CN.5373.01	0.0892733678766491
447	3	1	TCGA.CN.5374.01	0.07791680484649
448	3	1	TCGA.CN.6011.01	0.908084656091018
449	3	1	TCGA.CN.6995.01	0.0712915619239526
450	3	1	TCGA.CN.A499.01	0.0707893093720248
451	3	1	TCGA.CN.A642.01	0.0697896218042863
452	3	1	TCGA.CQ.5334.01	0.0759563467987135
453	3	1	TCGA.CQ.7063.01	0.0824699489630351
454	3	1	TCGA.CQ.7068.01	0.0781479060289027
455	3	1	TCGA.CQ.7071.01	0.377359221539184
456	3	1	TCGA.CQ.A4C6.01	0.0790770244411275
457	3	1	TCGA.CQ.A4CD.01	0.0846206404508559
458	3	1	TCGA.CR.5243.01	0.773514711543251
459	3	1	TCGA.CR.5249.01	0.0710590291502466
460	3	1	TCGA.CR.6467.01	0.0701210292173036
461	3	1	TCGA.CR.6470.01	0.0718553387172307
462	3	1	TCGA.CR.6471.01	0.335870282352227
463	3	1	TCGA.CR.6480.01	0.120375963131733
464	3	1	TCGA.CR.6482.01	0.0720065334654341
465	3	1	TCGA.CR.6487.01	0.0678497530582964
466	3	1	TCGA.CR.6492.01	0.125772407614986
467	3	1	TCGA.CR.7377.01	0.0769810862695154
468	3	1	TCGA.CR.7380.01	0.838788772283999
469	3	1	TCGA.CR.7383.01	0.112413671390846
470	3	1	TCGA.CR.7385.01	0.0738514565276429
471	3	1	TCGA.CR.7395.01	0.0757037763336226
472	3	1	TCGA.CR.7404.01	0.0695071420960971
473	3	1	TCGA.CV.5966.01	0.0782996532616046
474	3	1	TCGA.CV.6955.01	0.788322062887846
475	3	1	TCGA.CV.7091.01	0.121021807091599
476	3	1	TCGA.CV.7100.01	0.0682906714239524
477	3	1	TCGA.CV.7235.01	0.12649208078262
478	3	1	TCGA.CV.7407.01	0.0881366697541732
479	3	1	TCGA.CV.7425.01	0.100147361617364
480	3	1	TCGA.CV.7427.01	0.0696415409667324
481	3	1	TCGA.CV.7434.01	0.0951953157908475
482	3	1	TCGA.CV.A468.01	0.0704462428283431
483	3	1	TCGA.CV.A6JD.01	0.0778416961393307
484	3	1	TCGA.CV.A6JE.01	0.0878175310953528
485	3	1	TCGA.CV.A6JN.01	0.0725404817421253
486	3	1	TCGA.CV.A6JZ.01	0.0679881381824112
487	3	1	TCGA.CX.7082.01	0.818944871036971
488	3	1	TCGA.CX.A4AQ.01	0.115329374492734
489	3	1	TCGA.D6.6516.01	0.0861609814505045
490	3	1	TCGA.D6.A6EN.01	0.0595042788948329
491	3	1	TCGA.DQ.7596.01	0.0843391018552401
492	3	1	TCGA.F7.A624.01	0.0740318147751657
493	3	1	TCGA.H7.7774.01	0.106946855505949
494	3	1	TCGA.H7.8501.01	0.0749006793910907
495	3	1	TCGA.HD.7832.01	0.905861486272517
496	3	1	TCGA.HD.A6I0.01	0.0808104457212336
497	3	1	TCGA.HL.7533.01	0.137366714561451
498	3	1	TCGA.KU.A6H7.01	0.0768785876595328
499	3	1	TCGA.MT.A51W.01	0.535321023662985
500	3	1	TCGA.MT.A67F.01	0.0833320600966974
501	3	1	TCGA.P3.A5Q5.01	0.071116004066468
502	3	1	TCGA.P3.A6SW.01	0.0676377942002905
503	3	1	TCGA.QK.A64Z.01	0.841751354897353
504	3	1	TCGA.QK.A6IF.01	0.0799398405967955
505	3	1	TCGA.QK.A6IG.01	0.102989151681262
506	3	1	TCGA.QK.A6IJ.01	0.0707308744728376
507	3	1	TCGA.QK.A6V9.01	0.0749643727967474
508	3	1	TCGA.QK.A8Z9.01	0.824004555262886
509	3	1	TCGA.RS.A6TP.01	0.77490818778244
510	3	1	TCGA.T2.A6X0.01	0.0727573980532832
511	3	1	TCGA.T2.A6X2.01	0.0765022712405507
512	3	1	TCGA.T3.A92N.01	0.0722926569299056
513	3	1	TCGA.UF.A7JT.01	0.079197978345029
514	3	1	TCGA.CV.7428.01	0.128110839865349
515	3	1	TCGA.CV.7254.01	0.0981943702622863
516	3	1	TCGA.RS.A6TO.01	0.0624528062279102
517	3	1	TCGA.CV.7099.01	0.876237499820386
518	3	1	TCGA.CQ.A4CB.01	0.92232320497494
519	3	1	TCGA.UF.A7JO.01	0.0168274637857163
520	3	2	TCGA.CQ.6218.01	0.0194050989418149
521	3	2	TCGA.BA.5558.01	0.0156366871127406
522	3	2	TCGA.CV.6948.01	0.022945372951643
523	3	2	TCGA.CV.7409.01	0.379801868607885
524	3	2	TCGA.CQ.6220.01	0.0187377373161339
525	3	2	TCGA.CN.4731.01	0.0206300092630728
526	3	2	TCGA.CQ.6223.01	0.0211489775281218
527	3	2	TCGA.CV.5436.01	0.0198946980860475
528	3	2	TCGA.CQ.5324.01	0.02090653676903
529	3	2	TCGA.CN.4726.01	0.0190940735493869
530	3	2	TCGA.CR.7369.01	0.0217030540694795
531	3	2	TCGA.CV.7252.01	0.0216551067669629
532	3	2	TCGA.CV.A464.01	0.0189276741001383
533	3	2	TCGA.CX.7219.01	0.0191031914529002
534	3	2	TCGA.HD.7754.01	0.0145915674523335
535	3	2	TCGA.CV.7095.01	0.021385749404468
536	3	2	TCGA.P3.A5Q6.01	0.0148754864449584
537	3	2	TCGA.CV.7178.01	0.020706963462512
538	3	2	TCGA.BA.A6D8.01	0.0173656918181747
539	3	2	TCGA.BA.6872.01	0.0150121667782663
540	3	2	TCGA.CN.4728.01	0.0157412912312695
541	3	2	TCGA.CN.4740.01	0.0137058961870753
542	3	2	TCGA.CN.5364.01	0.0162578411997394
543	3	2	TCGA.CN.6016.01	0.0166369930967532
544	3	2	TCGA.CN.6018.01	0.0186252515174003
545	3	2	TCGA.CN.6994.01	0.0105444558193835
546	3	2	TCGA.CN.A63V.01	0.00887197097597001
547	3	2	TCGA.CQ.5326.01	0.0148740559835514
548	3	2	TCGA.CQ.5332.01	0.014855912777627
549	3	2	TCGA.CQ.6227.01	0.021068177522729
550	3	2	TCGA.CQ.6228.01	0.0139948719077185
551	3	2	TCGA.CQ.7069.01	0.0129470875748021
552	3	2	TCGA.CQ.7072.01	0.0163774453625661
553	3	2	TCGA.CQ.A4CI.01	0.022317094123601
554	3	2	TCGA.CR.5247.01	0.00900292355154058
555	3	2	TCGA.CR.6484.01	0.017156049456033
556	3	2	TCGA.CR.7365.01	0.0165052574569181
557	3	2	TCGA.CR.7367.01	0.015310090002707
558	3	2	TCGA.CV.6937.01	0.0144538404301064
559	3	2	TCGA.CV.7090.01	0.0168816282650582
560	3	2	TCGA.CV.7097.01	0.0170995699275647
561	3	2	TCGA.CV.7102.01	0.0143432957103732
562	3	2	TCGA.CV.7263.01	0.0120925772146811
563	3	2	TCGA.CV.7413.01	0.0140992293848886
564	3	2	TCGA.CV.7423.01	0.00666107163348663
565	3	2	TCGA.CV.7435.01	0.0129978574390433
566	3	2	TCGA.CV.A45X.01	0.0111261131103943
567	3	2	TCGA.DQ.7590.01	0.0161859412756836
568	3	2	TCGA.HD.A633.01	0.00619590873328088
569	3	2	TCGA.IQ.7631.01	0.017649020002064
570	3	2	TCGA.MT.A7BN.01	0.0205307516022846
571	3	2	TCGA.P3.A6T0.01	0.0120755763278308
572	3	2	TCGA.P3.A6T5.01	0.0132752900655452
573	3	2	TCGA.P3.A6T7.01	0.0168355722473194
574	3	2	TCGA.P3.A6T8.01	0.00608870467789645
575	3	2	TCGA.QK.A6IH.01	0.0153410617180033
576	3	2	TCGA.QK.A6VB.01	0.0210492120257011
577	3	2	TCGA.UF.A71A.01	0.0156435942255222
578	3	2	TCGA.UF.A71B.01	0.00760901586188948
579	3	2	TCGA.UF.A7JA.01	0.0143030842127794
580	3	2	TCGA.UF.A7JC.01	0.00637208040512609
581	3	2	TCGA.WA.A7GZ.01	0.0125446640468434
582	3	2	TCGA.CQ.A4C7.01	0.0192575443630988
583	3	2	TCGA.CN.6020.01	0.0177730611848206
584	3	2	TCGA.BB.A5HU.01	0.0207902273297562
585	3	2	TCGA.CR.7379.01	0.0208442270336807
586	3	2	TCGA.P3.A6SX.01	0.0211825174683957
587	3	2	TCGA.QK.A8Z7.01	0.0175866530049435
588	3	2	TCGA.UF.A7JD.01	0.0214208033425755
589	3	2	TCGA.MT.A67D.01	0.0142551000611286
590	3	2	TCGA.CN.5358.01	0.838243488107569
591	3	2	TCGA.BA.A6DD.01	0.964075565859164
592	3	2	TCGA.CN.5359.01	0.122591443085157
593	3	2	TCGA.CR.5248.01	0.906561859302719
594	3	2	TCGA.CR.6481.01	0.880127755176198
595	3	2	TCGA.CR.7376.01	0.464792317686302
596	3	2	TCGA.CR.7386.01	0.532588931104292
597	3	2	TCGA.MZ.A5BI.01	0.88609239597906
598	3	2	TCGA.CR.7373.01	0.371746632499812
599	3	2	TCGA.CN.6013.01	0.87027896562
600	3	2	TCGA.CN.5369.01	0.96090179085942
601	3	2	TCGA.CN.A6V1.01	0.905192996717576
602	3	2	TCGA.CQ.5331.01	0.962680766782821
603	3	2	TCGA.CR.6478.01	0.958170235073474
604	3	2	TCGA.CV.6938.01	0.954440390141783
605	3	2	TCGA.CV.6942.01	0.969103776919906
606	3	2	TCGA.H7.A76A.01	0.965363243155592
607	3	2	TCGA.TN.A7HI.01	0.914997295516417
608	3	2	TCGA.BA.5152.01	0.948413409103686
609	3	2	TCGA.BA.5149.01	0.156832649699043
610	3	2	TCGA.BA.5153.01	0.960396245159743
611	3	2	TCGA.BA.5556.01	0.965969942031064
612	3	2	TCGA.BA.5559.01	0.96400047082819
613	3	2	TCGA.BA.A6DJ.01	0.042271002811342
614	3	2	TCGA.BB.4223.01	0.964511873044504
615	3	2	TCGA.BB.7866.01	0.970573996422264
616	3	2	TCGA.BB.A6UM.01	0.966804549235047
617	3	2	TCGA.CN.4734.01	0.969114908685498
618	3	2	TCGA.CN.5365.01	0.111369248725923
619	3	2	TCGA.CN.5373.01	0.96023866246266
620	3	2	TCGA.CN.5374.01	0.958463637479775
621	3	2	TCGA.CN.6011.01	0.0397364826035157
622	3	2	TCGA.CN.6995.01	0.970591433977359
623	3	2	TCGA.CN.A499.01	0.966903942708158
624	3	2	TCGA.CN.A642.01	0.965228675032233
625	3	2	TCGA.CQ.5334.01	0.962314077868409
626	3	2	TCGA.CQ.7063.01	0.97304070676075
627	3	2	TCGA.CQ.7068.01	0.970490091339889
628	3	2	TCGA.CQ.7071.01	0.629020352263382
629	3	2	TCGA.CQ.A4C6.01	0.968446326529898
630	3	2	TCGA.CQ.A4CD.01	0.960204941010236
631	3	2	TCGA.CR.5243.01	0.223957954987273
632	3	2	TCGA.CR.5249.01	0.966981442159031
633	3	2	TCGA.CR.6467.01	0.965667951434759
634	3	2	TCGA.CR.6470.01	0.967085532920334
635	3	2	TCGA.CR.6471.01	0.667935078526078
636	3	2	TCGA.CR.6480.01	0.919964206779368
637	3	2	TCGA.CR.6482.01	0.964045539953045
638	3	2	TCGA.CR.6487.01	0.962364173313254
639	3	2	TCGA.CR.6492.01	0.936707249194393
640	3	2	TCGA.CR.7377.01	0.963060057657094
641	3	2	TCGA.CR.7380.01	0.160323713915922
642	3	2	TCGA.CR.7383.01	0.92500621185093
643	3	2	TCGA.CR.7385.01	0.96318864371394
644	3	2	TCGA.CR.7395.01	0.960293564378786
645	3	2	TCGA.CR.7404.01	0.963889429253895
646	3	2	TCGA.CV.5966.01	0.959596140261926
647	3	2	TCGA.CV.6955.01	0.211757568121792
648	3	2	TCGA.CV.7091.01	0.929174698898423
649	3	2	TCGA.CV.7100.01	0.967748645298064
650	3	2	TCGA.CV.7235.01	0.917950231425192
651	3	2	TCGA.CV.7407.01	0.958495408787069
652	3	2	TCGA.CV.7425.01	0.95038585391348
653	3	2	TCGA.CV.7427.01	0.965358326550231
654	3	2	TCGA.CV.7434.01	0.956195456052002
655	3	2	TCGA.CV.A468.01	0.96987868749211
656	3	2	TCGA.CV.A6JD.01	0.962071797493434
657	3	2	TCGA.CV.A6JE.01	0.952218479176287
658	3	2	TCGA.CV.A6JN.01	0.959309793651209
659	3	2	TCGA.CV.A6JZ.01	0.958137712157115
660	3	2	TCGA.CX.7082.01	0.154639562495375
661	3	2	TCGA.CX.A4AQ.01	0.940209612347995
662	3	2	TCGA.D6.6516.01	0.957480131485569
663	3	2	TCGA.D6.A6EN.01	0.962361398520467
664	3	2	TCGA.DQ.7596.01	0.958140783159315
665	3	2	TCGA.F7.A624.01	0.963163829718874
666	3	2	TCGA.H7.7774.01	0.923126419303913
667	3	2	TCGA.H7.8501.01	0.963393355917376
668	3	2	TCGA.HD.7832.01	0.0305976339247952
669	3	2	TCGA.HD.A6I0.01	0.959357095755929
670	3	2	TCGA.HL.7533.01	0.919383270121525
671	3	2	TCGA.KU.A6H7.01	0.962168811719215
672	3	2	TCGA.MT.A51W.01	0.509850203607401
673	3	2	TCGA.MT.A67F.01	0.962697172091595
674	3	2	TCGA.P3.A5Q5.01	0.960522309635272
675	3	2	TCGA.P3.A6SW.01	0.963438803108303
676	3	2	TCGA.QK.A64Z.01	0.152071046186108
677	3	2	TCGA.QK.A6IF.01	0.967266212725186
678	3	2	TCGA.QK.A6IG.01	0.940284841071968
679	3	2	TCGA.QK.A6IJ.01	0.96578441009836
680	3	2	TCGA.QK.A6V9.01	0.962749088604849
681	3	2	TCGA.QK.A8Z9.01	0.17055770745758
682	3	2	TCGA.RS.A6TP.01	0.237012751122102
683	3	2	TCGA.T2.A6X0.01	0.960347875456333
684	3	2	TCGA.T2.A6X2.01	0.965542395807218
685	3	2	TCGA.T3.A92N.01	0.96495678895922
686	3	2	TCGA.UF.A7JT.01	0.966029370901151
687	3	2	TCGA.CV.7428.01	0.579591849026938
688	3	2	TCGA.CV.7254.01	0.61115687107385
689	3	2	TCGA.RS.A6TO.01	0.165687185468376
690	3	2	TCGA.CV.7099.01	0.059574901768617
691	3	2	TCGA.CQ.A4CB.01	0.024199873537276
692	3	2	TCGA.UF.A7JO.01	0.0187712195093453
693	3	3	TCGA.CQ.6218.01	0.0373480365392283
694	3	3	TCGA.BA.5558.01	0.00842580799263332
695	3	3	TCGA.CV.6948.01	0.0363012611577681
696	3	3	TCGA.CV.7409.01	0.0984321685705003
697	3	3	TCGA.CQ.6220.01	0.0458802094466926
698	3	3	TCGA.CN.4731.01	0.0395368523735421
699	3	3	TCGA.CQ.6223.01	0.0355209553913444
700	3	3	TCGA.CV.5436.01	0.0386675423975496
701	3	3	TCGA.CQ.5324.01	0.0444419034232972
702	3	3	TCGA.CN.4726.01	0.0414736363537811
703	3	3	TCGA.CR.7369.01	0.0409808553501327
704	3	3	TCGA.CV.7252.01	0.0325722274185049
705	3	3	TCGA.CV.A464.01	0.0379989235327261
706	3	3	TCGA.CX.7219.01	0.0369552615398838
707	3	3	TCGA.HD.7754.01	0.0350447538545823
708	3	3	TCGA.CV.7095.01	0.0361606159267538
709	3	3	TCGA.P3.A5Q6.01	0.0452751092246185
710	3	3	TCGA.CV.7178.01	0.0346038676453266
711	3	3	TCGA.BA.A6D8.01	0.952377446228177
712	3	3	TCGA.BA.6872.01	0.953942823507899
713	3	3	TCGA.CN.4728.01	0.95000826001508
714	3	3	TCGA.CN.4740.01	0.962446148084592
715	3	3	TCGA.CN.5364.01	0.958304067186758
716	3	3	TCGA.CN.6016.01	0.957271512722181
717	3	3	TCGA.CN.6018.01	0.949831226638621
718	3	3	TCGA.CN.6994.01	0.959117416418068
719	3	3	TCGA.CN.A63V.01	0.462551302852216
720	3	3	TCGA.CQ.5326.01	0.954200972077595
721	3	3	TCGA.CQ.5332.01	0.0664447795926241
722	3	3	TCGA.CQ.6227.01	0.0427126246583517
723	3	3	TCGA.CQ.6228.01	0.0433793438552365
724	3	3	TCGA.CQ.7069.01	0.951431495773583
725	3	3	TCGA.CQ.7072.01	0.950909393791088
726	3	3	TCGA.CQ.A4CI.01	0.0396757269561447
727	3	3	TCGA.CR.5247.01	0.913752767496543
728	3	3	TCGA.CR.6484.01	0.952880087236143
729	3	3	TCGA.CR.7365.01	0.96005375230168
730	3	3	TCGA.CR.7367.01	0.957197426331328
731	3	3	TCGA.CV.6937.01	0.962134321345325
732	3	3	TCGA.CV.7090.01	0.948882192550287
733	3	3	TCGA.CV.7097.01	0.95306588959046
734	3	3	TCGA.CV.7102.01	0.962464699251513
735	3	3	TCGA.CV.7263.01	0.958543481503387
736	3	3	TCGA.CV.7413.01	0.953342738452417
737	3	3	TCGA.CV.7423.01	0.807250102394006
738	3	3	TCGA.CV.7435.01	0.955266197943957
739	3	3	TCGA.CV.A45X.01	0.95705936684466
740	3	3	TCGA.DQ.7590.01	0.954609838703685
741	3	3	TCGA.HD.A633.01	0.870091260085289
742	3	3	TCGA.IQ.7631.01	0.951658487649966
743	3	3	TCGA.MT.A7BN.01	0.833887629943114
744	3	3	TCGA.P3.A6T0.01	0.0678175708945219
745	3	3	TCGA.P3.A6T5.01	0.961428855171721
746	3	3	TCGA.P3.A6T7.01	0.826516232228049
747	3	3	TCGA.P3.A6T8.01	0.831066522111579
748	3	3	TCGA.QK.A6IH.01	0.951737878437306
749	3	3	TCGA.QK.A6VB.01	0.0430961042233556
750	3	3	TCGA.UF.A71A.01	0.0514198011236766
751	3	3	TCGA.UF.A71B.01	0.821202370126226
752	3	3	TCGA.UF.A7JA.01	0.0903788849386147
753	3	3	TCGA.UF.A7JC.01	0.851765578835965
754	3	3	TCGA.WA.A7GZ.01	0.964606354945049
755	3	3	TCGA.CQ.A4C7.01	0.120331520808746
756	3	3	TCGA.CN.6020.01	0.0397950463401958
757	3	3	TCGA.BB.A5HU.01	0.0364826392539934
758	3	3	TCGA.CR.7379.01	0.0419137263460438
759	3	3	TCGA.P3.A6SX.01	0.0433509001211618
760	3	3	TCGA.QK.A8Z7.01	0.0535310507834603
761	3	3	TCGA.UF.A7JD.01	0.0370664143201952
762	3	3	TCGA.MT.A67D.01	0.0384785687001953
763	3	3	TCGA.CN.5358.01	0.0940502807239726
764	3	3	TCGA.BA.A6DD.01	0.00366468163078333
765	3	3	TCGA.CN.5359.01	0.0330553772159695
766	3	3	TCGA.CR.5248.01	0.0640301503630923
767	3	3	TCGA.CR.6481.01	0.089861279449973
768	3	3	TCGA.CR.7376.01	0.0499554585477488
769	3	3	TCGA.CR.7386.01	0.0127451574939437
770	3	3	TCGA.MZ.A5BI.01	0.079890638534748
771	3	3	TCGA.CR.7373.01	0.0261344969586078
772	3	3	TCGA.CN.6013.01	0.0803459848005123
773	3	3	TCGA.CN.5369.01	0.0039232781168265
774	3	3	TCGA.CN.A6V1.01	0.0651921543535386
775	3	3	TCGA.CQ.5331.01	0.00386100386100386
776	3	3	TCGA.CR.6478.01	0.00554717410257382
777	3	3	TCGA.CV.6938.01	0.00471166353519295
778	3	3	TCGA.CV.6942.01	0.00471900471900472
779	3	3	TCGA.H7.A76A.01	0.00482625482625483
780	3	3	TCGA.TN.A7HI.01	0.0533973346728052
781	3	3	TCGA.BA.5152.01	0.00294840294840295
782	3	3	TCGA.BA.5149.01	0.00931778207182251
783	3	3	TCGA.BA.5153.01	0.0039232781168265
784	3	3	TCGA.BA.5556.01	0.00521574205784732
785	3	3	TCGA.BA.5559.01	0.00405405405405405
786	3	3	TCGA.BA.A6DJ.01	0.0346352179334812
787	3	3	TCGA.BB.4223.01	0.00467775467775468
788	3	3	TCGA.BB.7866.01	0.00354452813469207
789	3	3	TCGA.BB.A6UM.01	0.00443066016836509
790	3	3	TCGA.CN.4734.01	0.00491400491400491
791	3	3	TCGA.CN.5365.01	0.0146454062744078
792	3	3	TCGA.CN.5373.01	0.00405405405405405
793	3	3	TCGA.CN.5374.01	0.00491400491400491
794	3	3	TCGA.CN.6011.01	0.0248239289598969
795	3	3	TCGA.CN.6995.01	0.00366468163078333
796	3	3	TCGA.CN.A499.01	0.00474158368895211
797	3	3	TCGA.CN.A642.01	0.004004004004004
798	3	3	TCGA.CQ.5334.01	0.00422297297297297
799	3	3	TCGA.CQ.7063.01	0.00503893724232707
800	3	3	TCGA.CQ.7068.01	0.00343980343980344
801	3	3	TCGA.CQ.7071.01	0.00366612431829823
802	3	3	TCGA.CQ.A4C6.01	0.0036036036036036
803	3	3	TCGA.CQ.A4CD.01	0.00434362934362934
804	3	3	TCGA.CR.5243.01	0.0052422137954523
805	3	3	TCGA.CR.5249.01	0.00331910858226648
806	3	3	TCGA.CR.6467.01	0.0040950040950041
807	3	3	TCGA.CR.6470.01	0.00458085203847916
808	3	3	TCGA.CR.6471.01	0.00164064835824206
809	3	3	TCGA.CR.6480.01	0.00386100386100386
810	3	3	TCGA.CR.6482.01	0.00458085203847916
811	3	3	TCGA.CR.6487.01	0.003003003003003
812	3	3	TCGA.CR.6492.01	0.00447968550284596
813	3	3	TCGA.CR.7377.01	0.0030514385353095
814	3	3	TCGA.CR.7380.01	0.00944014831266981
815	3	3	TCGA.CR.7383.01	0.00905629681314613
816	3	3	TCGA.CR.7385.01	0.0039232781168265
817	3	3	TCGA.CR.7395.01	0.00412276683463124
818	3	3	TCGA.CR.7404.01	0.0045045045045045
819	3	3	TCGA.CV.5966.01	0.004004004004004
820	3	3	TCGA.CV.6955.01	0.00460617824457854
821	3	3	TCGA.CV.7091.01	0.004359197907585
822	3	3	TCGA.CV.7100.01	0.00415800415800416
823	3	3	TCGA.CV.7235.01	0.00583051851757122
824	3	3	TCGA.CV.7407.01	0.00343200343200343
825	3	3	TCGA.CV.7425.01	0.00379326695116169
826	3	3	TCGA.CV.7427.01	0.0039232781168265
827	3	3	TCGA.CV.7434.01	0.00457380457380457
828	3	3	TCGA.CV.A468.01	0.00434362934362934
829	3	3	TCGA.CV.A6JD.01	0.00379326695116169
830	3	3	TCGA.CV.A6JE.01	0.00481249373654437
831	3	3	TCGA.CV.A6JN.01	0.0036036036036036
832	3	3	TCGA.CV.A6JZ.01	0.0035035035035035
833	3	3	TCGA.CX.7082.01	0.0136337586328232
834	3	3	TCGA.CX.A4AQ.01	0.0025987525987526
835	3	3	TCGA.D6.6516.01	0.00366468163078333
836	3	3	TCGA.D6.A6EN.01	0.00458949515553289
837	3	3	TCGA.DQ.7596.01	0.00398759415152858
838	3	3	TCGA.F7.A624.01	0.00442260442260442
839	3	3	TCGA.H7.7774.01	0.00398759415152858
840	3	3	TCGA.H7.8501.01	0.00479511769834351
841	3	3	TCGA.HD.7832.01	0.0321708223150291
842	3	3	TCGA.HD.A6I0.01	0.00419384902143523
843	3	3	TCGA.HL.7533.01	0.00712683720983185
844	3	3	TCGA.KU.A6H7.01	0.00386100386100386
845	3	3	TCGA.MT.A51W.01	0.0105936257176502
846	3	3	TCGA.MT.A67F.01	0.00310146211785556
847	3	3	TCGA.P3.A5Q5.01	0.00317965023847377
848	3	3	TCGA.P3.A6SW.01	0.00282371924162969
849	3	3	TCGA.QK.A64Z.01	0.00857964054474748
850	3	3	TCGA.QK.A6IF.01	0.00471900471900472
851	3	3	TCGA.QK.A6IG.01	0.00284495021337127
852	3	3	TCGA.QK.A6IJ.01	0.00343200343200343
853	3	3	TCGA.QK.A6V9.01	0.00366468163078333
854	3	3	TCGA.QK.A8Z9.01	0.00613974832414253
855	3	3	TCGA.RS.A6TP.01	0.00883100129902228
856	3	3	TCGA.T2.A6X0.01	0.00284495021337127
857	3	3	TCGA.T2.A6X2.01	0.00474158368895211
858	3	3	TCGA.T3.A92N.01	0.00415800415800416
859	3	3	TCGA.UF.A7JT.01	0.00415800415800416
860	3	3	TCGA.CV.7428.01	0.332246305280607
861	3	3	TCGA.CV.7254.01	0.321522530077588
862	3	3	TCGA.RS.A6TO.01	0.772505510685178
863	3	3	TCGA.CV.7099.01	0.0424306661771111
864	3	3	TCGA.CQ.A4CB.01	0.0308790662399192
865	3	3	TCGA.UF.A7JO.01	0.953769398764439
